version https://git-lfs.github.com/spec/v1
oid sha256:90840b70ebc0f1760d1d11c8c38dbfc5ed5a8cefb5af07ca5d765ba2477e0762
size 199577
