baseline_model,material_id,formula,n_atoms,energy_raw,energy_is_per_atom,energy_total,energy_per_atom
m3gnet,wbm-4-12624,Fe3 Os3 U3,9,-92.33595275878906,False,-92.33595275878906,-10.259550306532118
m3gnet,wbm-4-12625,Fe2 Os2,4,-38.51930236816406,False,-38.51930236816406,-9.629825592041016
m3gnet,wbm-4-12626,Fe2 Pa4,6,-55.91635513305664,False,-55.91635513305664,-9.319392522176107
m3gnet,wbm-4-12627,Fe2 Pa4,6,-55.697601318359375,False,-55.697601318359375,-9.282933553059896
m3gnet,wbm-4-12628,Fe2 Pa2,4,-36.68355178833008,False,-36.68355178833008,-9.17088794708252
m3gnet,wbm-4-12629,Fe1 Pb2 U6,9,-81.5474853515625,False,-81.5474853515625,-9.060831705729166
m3gnet,wbm-4-12630,Fe2 Pa2 Pb2,6,-42.602237701416016,False,-42.602237701416016,-7.100372950236003
m3gnet,wbm-4-12631,Fe4 Pb4,8,-44.779300689697266,False,-44.779300689697266,-5.597412586212158
m3gnet,wbm-4-12632,Ac1 Fe1 Pd2,4,-24.48064613342285,False,-24.48064613342285,-6.120161533355713
m3gnet,wbm-4-12633,Ba1 Fe1 Pd2,4,-21.597911834716797,False,-21.597911834716797,-5.399477958679199
m3gnet,wbm-4-12634,Fe1 Hf1 Pd2,4,-30.954927444458008,False,-30.954927444458008,-7.738731861114502
m3gnet,wbm-4-12635,Fe2 La4 Pd4,10,-61.64777374267578,False,-61.64777374267578,-6.164777374267578
m3gnet,wbm-4-12636,Fe1 Lu1 Pd2,4,-25.61701011657715,False,-25.61701011657715,-6.404252529144287
m3gnet,wbm-4-12637,Fe1 Pd2 Pm1,4,-24.864173889160156,False,-24.864173889160156,-6.216043472290039
m3gnet,wbm-4-12638,Fe1 Pd2 Pm1,4,-24.867279052734375,False,-24.867279052734375,-6.216819763183594
m3gnet,wbm-4-12639,Fe1 Pd2 Pt1,4,-25.41584014892578,False,-25.41584014892578,-6.353960037231445
m3gnet,wbm-4-12640,Fe1 Pd2 Pt1,4,-25.39630699157715,False,-25.39630699157715,-6.349076747894287
m3gnet,wbm-4-12641,Fe1 Pd2 Sm1,4,-25.150245666503906,False,-25.150245666503906,-6.287561416625977
m3gnet,wbm-4-12642,Fe1 Pd2 Sn1,4,-24.009017944335938,False,-24.009017944335938,-6.002254486083984
m3gnet,wbm-4-12643,Fe1 Pd2 Th1,4,-27.761381149291992,False,-27.761381149291992,-6.940345287322998
m3gnet,wbm-4-12644,Fe2 Pd4 Yb2,8,-44.08863067626953,False,-44.08863067626953,-5.511078834533691
m3gnet,wbm-4-12645,Au2 Fe1 Pd1,4,-20.08952522277832,False,-20.08952522277832,-5.02238130569458
m3gnet,wbm-4-12646,Fe1 Pd1 Pm2,4,-23.992511749267578,False,-23.992511749267578,-5.9981279373168945
m3gnet,wbm-4-12647,Fe4 Pd4 Pr4,12,-76.46488952636719,False,-76.46488952636719,-6.372074127197266
m3gnet,wbm-4-12648,Fe1 Pd1 Pt2,4,-26.211177825927734,False,-26.211177825927734,-6.552794456481934
m3gnet,wbm-4-12649,Fe2 Pd2 Sb2,6,-36.53423309326172,False,-36.53423309326172,-6.089038848876953
m3gnet,wbm-4-12650,Fe2 Pd2 Sn2,6,-36.061527252197266,False,-36.061527252197266,-6.010254542032878
m3gnet,wbm-4-12651,Fe2 Pd2,4,-27.556909561157227,False,-27.556909561157227,-6.889227390289307
m3gnet,wbm-4-12652,Fe1 Hg1 Pm2,4,-17.948829650878906,False,-17.948829650878906,-4.487207412719727
m3gnet,wbm-4-12653,Fe1 Ir1 Pm2,4,-27.676528930664062,False,-27.676528930664062,-6.919132232666016
m3gnet,wbm-4-12654,Fe1 Pm2 Tl1,4,-19.405099868774414,False,-19.405099868774414,-4.8512749671936035
m3gnet,wbm-4-12655,Au2 Fe1 Pm1,4,-20.669166564941406,False,-20.669166564941406,-5.167291641235352
m3gnet,wbm-4-12656,Fe1 Ir2 Pm1,4,-30.920997619628906,False,-30.920997619628906,-7.730249404907227
m3gnet,wbm-4-12657,Fe2 Pm2,4,-25.37781524658203,False,-25.37781524658203,-6.344453811645508
m3gnet,wbm-4-12658,Fe1 Ir2 Pr2,5,-37.82326889038086,False,-37.82326889038086,-7.564653778076172
m3gnet,wbm-4-12659,Fe1 Os2 Pr2,5,-40.757083892822266,False,-40.757083892822266,-8.151416778564453
m3gnet,wbm-4-12660,Fe1 Pr2 Pt1,4,-25.468671798706055,False,-25.468671798706055,-6.367167949676514
m3gnet,wbm-4-12661,Au2 Fe1 Pr1,4,-20.55409049987793,False,-20.55409049987793,-5.138522624969482
m3gnet,wbm-4-12662,Fe3 Hg3 Pr3,9,-40.18974304199219,False,-40.18974304199219,-4.465527004665798
m3gnet,wbm-4-12663,Fe4 Ir4 Pr4,12,-91.75811767578125,False,-91.75811767578125,-7.6465098063151045
m3gnet,wbm-4-12664,Fe4 Ir4 Pr4,12,-91.48538970947266,False,-91.48538970947266,-7.623782475789388
m3gnet,wbm-4-12665,Fe1 Pr1 Pt2,4,-27.148075103759766,False,-27.148075103759766,-6.787018775939941
m3gnet,wbm-4-12666,Fe4 Pr4,8,-52.34961700439453,False,-52.34961700439453,-6.543702125549316
m3gnet,wbm-4-12667,Ac1 Fe1 Pt2,4,-26.25156021118164,False,-26.25156021118164,-6.56289005279541
m3gnet,wbm-4-12668,Fe1 Pb1 Pt2,4,-24.019163131713867,False,-24.019163131713867,-6.004790782928467
m3gnet,wbm-4-12669,Fe1 Pt2 Pu2,5,-48.4869384765625,False,-48.4869384765625,-9.6973876953125
m3gnet,wbm-4-12670,Fe1 Pt2 Th1,4,-30.485593795776367,False,-30.485593795776367,-7.621398448944092
m3gnet,wbm-4-12671,Fe1 Pt2 Tl1,4,-22.503278732299805,False,-22.503278732299805,-5.625819683074951
m3gnet,wbm-4-12672,Fe1 Pt2 U1,4,-33.778167724609375,False,-33.778167724609375,-8.444541931152344
m3gnet,wbm-4-12673,Fe1 Pt3,4,-26.782062530517578,False,-26.782062530517578,-6.6955156326293945
m3gnet,wbm-4-12674,Fe1 Hg2 Pt1,4,-13.820310592651367,False,-13.820310592651367,-3.455077648162842
m3gnet,wbm-4-12675,Fe3 Pa3 Pt3,9,-75.2290267944336,False,-75.2290267944336,-8.358780754937065
m3gnet,wbm-4-12676,Fe1 Pb2 Pt1,4,-20.592403411865234,False,-20.592403411865234,-5.148100852966309
m3gnet,wbm-4-12677,Fe2 Pt2 Pu2,6,-56.435665130615234,False,-56.435665130615234,-9.405944188435873
m3gnet,wbm-4-12678,Fe1 Pt1 Tl2,4,-17.19451141357422,False,-17.19451141357422,-4.298627853393555
m3gnet,wbm-4-12679,Fe2 Pt2 U2,6,-53.14824295043945,False,-53.14824295043945,-8.858040491739908
m3gnet,wbm-4-12680,Fe1 Hf6 Rb2,9,-66.34439849853516,False,-66.34439849853516,-7.371599833170573
m3gnet,wbm-4-12681,Fe2 Rb4 Sn2,8,-25.222497940063477,False,-25.222497940063477,-3.1528122425079346
m3gnet,wbm-4-12682,Fe2 Rb4 Sn2,8,-25.218402862548828,False,-25.218402862548828,-3.1523003578186035
m3gnet,wbm-4-12683,Bi2 Fe1 Rb4,7,-19.39917755126953,False,-19.39917755126953,-2.7713110787527904
m3gnet,wbm-4-12684,Ag2 Fe2 Rb2 Te6,12,-47.468170166015625,False,-47.468170166015625,-3.9556808471679688
m3gnet,wbm-4-12685,Bi2 Fe2 Rb2,6,-25.644514083862305,False,-25.644514083862305,-4.274085680643718
m3gnet,wbm-4-12686,Fe2 Rb2 Sb2,6,-27.1965274810791,False,-27.1965274810791,-4.532754580179851
m3gnet,wbm-4-12687,Fe2 Rb2 Sb2,6,-25.224279403686523,False,-25.224279403686523,-4.204046567281087
m3gnet,wbm-4-12688,Fe1 Rb1 Te2,4,-17.160417556762695,False,-17.160417556762695,-4.290104389190674
m3gnet,wbm-4-12689,Dy2 Fe2 Rb2 Te6,12,-57.137596130371094,False,-57.137596130371094,-4.761466344197591
m3gnet,wbm-4-12690,Er2 Fe2 Rb2 Te6,12,-56.86823272705078,False,-56.86823272705078,-4.739019393920898
m3gnet,wbm-4-12691,Fe2 Rb2 Te6 Th2,12,-62.46959686279297,False,-62.46959686279297,-5.205799738566081
m3gnet,wbm-4-12692,Fe2 Rb2 Te6 Zr2,12,-63.1502799987793,False,-63.1502799987793,-5.262523333231608
m3gnet,wbm-4-12693,Ba2 Fe1 Rh2,5,-27.34739875793457,False,-27.34739875793457,-5.469479751586914
m3gnet,wbm-4-12694,Ce1 Fe1 Rh2,4,-30.733613967895508,False,-30.733613967895508,-7.683403491973877
m3gnet,wbm-4-12695,Fe1 Hf1 Rh2,4,-35.31889343261719,False,-35.31889343261719,-8.829723358154297
m3gnet,wbm-4-12696,Fe1 Pt1 Rh2,4,-29.809917449951172,False,-29.809917449951172,-7.452479362487793
m3gnet,wbm-4-12697,Fe1 Pt1 Rh2,4,-29.790620803833008,False,-29.790620803833008,-7.447655200958252
m3gnet,wbm-4-12698,Fe1 Pu2 Rh2,5,-51.10282897949219,False,-51.10282897949219,-10.220565795898438
m3gnet,wbm-4-12699,Fe1 Rh2 Ta1,4,-36.5693473815918,False,-36.5693473815918,-9.14233684539795
m3gnet,wbm-4-12700,Fe1 Rh2 Th1,4,-32.566078186035156,False,-32.566078186035156,-8.141519546508789
m3gnet,wbm-4-12701,Fe2 Rh4 Th2,8,-65.20830535888672,False,-65.20830535888672,-8.15103816986084
m3gnet,wbm-4-12702,Fe1 Rh7,8,-60.423004150390625,False,-60.423004150390625,-7.552875518798828
m3gnet,wbm-4-12703,Dy4 Fe4 Rh4,12,-86.1830062866211,False,-86.1830062866211,-7.181917190551758
m3gnet,wbm-4-12704,Er4 Fe4 Rh4,12,-86.85628509521484,False,-86.85628509521484,-7.23802375793457
m3gnet,wbm-4-12705,Fe4 Ho4 Rh4,12,-86.33010864257812,False,-86.33010864257812,-7.194175720214844
m3gnet,wbm-4-12706,Fe1 Ir2 Rh1,4,-33.501766204833984,False,-33.501766204833984,-8.375441551208496
m3gnet,wbm-4-12707,Fe4 La4 Rh4,12,-86.66925811767578,False,-86.66925811767578,-7.2224381764729815
m3gnet,wbm-4-12708,Fe1 Pm2 Rh1,4,-26.304298400878906,False,-26.304298400878906,-6.576074600219727
m3gnet,wbm-4-12709,Fe4 Pr4 Rh4,12,-85.48615264892578,False,-85.48615264892578,-7.123846054077148
m3gnet,wbm-4-12710,Fe1 Pt2 Rh1,4,-28.309778213500977,False,-28.309778213500977,-7.077444553375244
m3gnet,wbm-4-12711,Fe2 Rh2 Sb2,6,-40.5042724609375,False,-40.5042724609375,-6.750712076822917
m3gnet,wbm-4-12712,Fe4 Rh4 Sm4,12,-85.9415054321289,False,-85.9415054321289,-7.161792119344075
m3gnet,wbm-4-12713,Fe2 Rh2 Sn4,8,-48.223388671875,False,-48.223388671875,-6.027923583984375
m3gnet,wbm-4-12714,Fe3 Rh3 Sn3,9,-60.474308013916016,False,-60.474308013916016,-6.71936755710178
m3gnet,wbm-4-12715,Fe4 Rh4 Tb4,12,-86.12317657470703,False,-86.12317657470703,-7.176931381225586
m3gnet,wbm-4-12716,Fe4 Rh4 Tm4,12,-86.40113067626953,False,-86.40113067626953,-7.200094223022461
m3gnet,wbm-4-12717,Dy2 Fe1 Ru2,5,-37.81247329711914,False,-37.81247329711914,-7.5624946594238285
m3gnet,wbm-4-12718,Er2 Fe1 Ru2,5,-38.0474853515625,False,-38.0474853515625,-7.6094970703125
m3gnet,wbm-4-12719,Fe1 Ho2 Ru2,5,-37.84842300415039,False,-37.84842300415039,-7.569684600830078
m3gnet,wbm-4-12720,Fe1 La2 Ru2,5,-37.69929122924805,False,-37.69929122924805,-7.53985824584961
m3gnet,wbm-4-12721,Fe1 Nd2 Ru2,5,-37.354026794433594,False,-37.354026794433594,-7.470805358886719
m3gnet,wbm-4-12722,Fe1 Np1 Ru2,4,-39.49909591674805,False,-39.49909591674805,-9.874773979187012
m3gnet,wbm-4-12723,Fe1 Pa1 Ru2,4,-37.45155334472656,False,-37.45155334472656,-9.36288833618164
m3gnet,wbm-4-12724,Fe1 Pm1 Ru2,4,-30.654804229736328,False,-30.654804229736328,-7.663701057434082
m3gnet,wbm-4-12725,Fe1 Pr2 Ru2,5,-37.194950103759766,False,-37.194950103759766,-7.4389900207519535
m3gnet,wbm-4-12726,Fe1 Pu2 Ru2,5,-52.9625358581543,False,-52.9625358581543,-10.59250717163086
m3gnet,wbm-4-12727,Fe1 Ru2 Sm2,5,-37.48723602294922,False,-37.48723602294922,-7.497447204589844
m3gnet,wbm-4-12728,Fe1 Ru2 Tb2,5,-37.89736557006836,False,-37.89736557006836,-7.5794731140136715
m3gnet,wbm-4-12729,Fe1 Ru2 Tm2,5,-37.836509704589844,False,-37.836509704589844,-7.567301940917969
m3gnet,wbm-4-12730,Fe1 Ru2 U2,5,-50.334136962890625,False,-50.334136962890625,-10.066827392578125
m3gnet,wbm-4-12731,Fe1 Ru2 U1,4,-38.88528060913086,False,-38.88528060913086,-9.721320152282715
m3gnet,wbm-4-12732,Fe1 Ru2 Yb2,5,-30.260639190673828,False,-30.260639190673828,-6.052127838134766
m3gnet,wbm-4-12733,Fe1 Ru5,6,-54.18904113769531,False,-54.18904113769531,-9.031506856282553
m3gnet,wbm-4-12734,Dy3 Fe3 Ru3,9,-68.84638214111328,False,-68.84638214111328,-7.649598015679254
m3gnet,wbm-4-12735,Er3 Fe3 Ru3,9,-69.16249084472656,False,-69.16249084472656,-7.684721204969618
m3gnet,wbm-4-12736,Fe3 Ho3 Ru3,9,-68.93388366699219,False,-68.93388366699219,-7.659320407443577
m3gnet,wbm-4-12737,Fe2 In2 Ru2,6,-39.40924835205078,False,-39.40924835205078,-6.56820805867513
m3gnet,wbm-4-12738,Fe2 La2 Ru2,6,-45.67000198364258,False,-45.67000198364258,-7.611666997273763
m3gnet,wbm-4-12739,Fe1 Pm2 Ru1,4,-27.199337005615234,False,-27.199337005615234,-6.799834251403809
m3gnet,wbm-4-12740,Fe3 Pu3 Ru3,9,-90.89981842041016,False,-90.89981842041016,-10.099979824490017
m3gnet,wbm-4-12741,Fe3 Ru3 Th3,9,-77.46808624267578,False,-77.46808624267578,-8.607565138075087
m3gnet,wbm-4-12742,Fe3 Ru3 Tm3,9,-69.0013427734375,False,-69.0013427734375,-7.666815863715278
m3gnet,wbm-4-12743,Fe4 Ru4 Yb4,12,-76.540283203125,False,-76.540283203125,-6.37835693359375
m3gnet,wbm-4-12744,Au2 Fe2 Sb4,8,-37.244346618652344,False,-37.244346618652344,-4.655543327331543
m3gnet,wbm-4-12745,Fe2 Sb4 Th4,10,-69.60577392578125,False,-69.60577392578125,-6.960577392578125
m3gnet,wbm-4-12746,Fe4 La4 Sb4,12,-75.83975982666016,False,-75.83975982666016,-6.319979985555013
m3gnet,wbm-4-12747,Fe4 Nd4 Sb4,12,-74.60313415527344,False,-74.60313415527344,-6.216927846272786
m3gnet,wbm-4-12748,Fe4 Np4 Sb4,12,-101.20796203613281,False,-101.20796203613281,-8.4339968363444
m3gnet,wbm-4-12749,Fe1 Pa1 Sb1,3,-23.490278244018555,False,-23.490278244018555,-7.830092748006185
m3gnet,wbm-4-12750,Fe4 Pr4 Sb4,12,-74.36811065673828,False,-74.36811065673828,-6.19734255472819
m3gnet,wbm-4-12751,Fe4 Pu4 Sb4,12,-108.28382873535156,False,-108.28382873535156,-9.02365239461263
m3gnet,wbm-4-12752,Fe4 Sb4 Sm4,12,-75.41752624511719,False,-75.41752624511719,-6.284793853759766
m3gnet,wbm-4-12753,Fe4 Sb4 Tb4,12,-74.95858764648438,False,-74.95858764648438,-6.246548970540364
m3gnet,wbm-4-12754,Fe1 Sb1 Th1,3,-21.50598907470703,False,-21.50598907470703,-7.168663024902344
m3gnet,wbm-4-12755,Fe4 Sb4 Th4,12,-86.40706634521484,False,-86.40706634521484,-7.200588862101237
m3gnet,wbm-4-12756,Ag2 Cs2 Fe2 Se4,10,-43.43376159667969,False,-43.43376159667969,-4.343376159667969
m3gnet,wbm-4-12757,Cs2 Fe2 Hg2 Se4,10,-38.06388854980469,False,-38.06388854980469,-3.8063888549804688
m3gnet,wbm-4-12758,Cs2 Fe2 Se4,8,-38.04975128173828,False,-38.04975128173828,-4.756218910217285
m3gnet,wbm-4-12759,Au2 Fe2 Rb2 Se4,10,-44.50748062133789,False,-44.50748062133789,-4.450748062133789
m3gnet,wbm-4-12760,Fe2 Se4,6,-30.594234466552734,False,-30.594234466552734,-5.099039077758789
m3gnet,wbm-4-12761,Ba2 Fe2 Pu2 Se6,12,-84.28311920166016,False,-84.28311920166016,-7.023593266805013
m3gnet,wbm-4-12762,Cs2 Fe2 Ho2 Se6,12,-62.96921157836914,False,-62.96921157836914,-5.247434298197429
m3gnet,wbm-4-12763,Cs2 Fe2 Se6 Th2,12,-69.05914306640625,False,-69.05914306640625,-5.7549285888671875
m3gnet,wbm-4-12764,Cs2 Fe2 Se6 U2,12,-73.98648071289062,False,-73.98648071289062,-6.165540059407552
m3gnet,wbm-4-12765,Dy2 Fe2 Se6 Tl2,12,-62.54884338378906,False,-62.54884338378906,-5.212403615315755
m3gnet,wbm-4-12766,Fe2 Ho2 Se6 Tl2,12,-62.443023681640625,False,-62.443023681640625,-5.203585306803386
m3gnet,wbm-4-12767,Cs2 Fe2 In2 Se6,12,-52.37176513671875,False,-52.37176513671875,-4.3643137613932295
m3gnet,wbm-4-12768,Fe2 In2 Se6 U2,12,-73.9556655883789,False,-73.9556655883789,-6.162972132364909
m3gnet,wbm-4-12769,Dy2 Fe2 Rb2 Se6,12,-63.14189910888672,False,-63.14189910888672,-5.26182492574056
m3gnet,wbm-4-12770,Er2 Fe2 Rb2 Se6,12,-62.980560302734375,False,-62.980560302734375,-5.248380025227864
m3gnet,wbm-4-12771,Fe2 Ho2 Rb2 Se6,12,-63.043922424316406,False,-63.043922424316406,-5.253660202026367
m3gnet,wbm-4-12772,Fe2 Pr2 Rb2 Se6,12,-63.470462799072266,False,-63.470462799072266,-5.289205233256022
m3gnet,wbm-4-12773,Fe2 Rb2 Se6 Sm2,12,-63.3912239074707,False,-63.3912239074707,-5.282601992289226
m3gnet,wbm-4-12774,Fe2 Rb2 Se6 Tb2,12,-63.21001434326172,False,-63.21001434326172,-5.26750119527181
m3gnet,wbm-4-12775,Fe2 Rb2 Se6 Th2,12,-69.1063232421875,False,-69.1063232421875,-5.758860270182292
m3gnet,wbm-4-12776,Fe2 Rb2 Se6 Zr2,12,-68.88555908203125,False,-68.88555908203125,-5.7404632568359375
m3gnet,wbm-4-12777,Fe2 Se6 Tl2 U2,12,-73.56336212158203,False,-73.56336212158203,-6.130280176798503
m3gnet,wbm-4-12778,Fe2 Se6 Tl2 Tm2,12,-62.10955810546875,False,-62.10955810546875,-5.1757965087890625
m3gnet,wbm-4-12779,Fe1 Nb2 Se4,7,-47.281246185302734,False,-47.281246185302734,-6.754463740757534
m3gnet,wbm-4-12780,Br2 Fe2 Se2,6,-28.82879638671875,False,-28.82879638671875,-4.804799397786458
m3gnet,wbm-4-12781,Fe2 Se2 Te4,8,-36.635772705078125,False,-36.635772705078125,-4.579471588134766
m3gnet,wbm-4-12782,Fe1 Ir2 Sm2,5,-38.17285919189453,False,-38.17285919189453,-7.634571838378906
m3gnet,wbm-4-12783,Fe1 Os2 Sm2,5,-40.99601364135742,False,-40.99601364135742,-8.199202728271484
m3gnet,wbm-4-12784,Fe1 Sm2,3,-17.473058700561523,False,-17.473058700561523,-5.824352900187175
m3gnet,wbm-4-12785,Fe4 Ir4 Sm4,12,-92.4249267578125,False,-92.4249267578125,-7.702077229817708
m3gnet,wbm-4-12786,Fe4 Ir4 Sm4,12,-92.33828735351562,False,-92.33828735351562,-7.694857279459636
m3gnet,wbm-4-12787,Fe1 Pt2 Sm1,4,-27.410465240478516,False,-27.410465240478516,-6.852616310119629
m3gnet,wbm-4-12788,Fe4 Sm4,8,-52.05693054199219,False,-52.05693054199219,-6.507116317749023
m3gnet,wbm-4-12789,Fe2 Sm2,4,-26.21076202392578,False,-26.21076202392578,-6.552690505981445
m3gnet,wbm-4-12790,Dy2 Fe2 Sn4,8,-44.94305419921875,False,-44.94305419921875,-5.617881774902344
m3gnet,wbm-4-12791,Er6 Fe1 Sn2,9,-47.6702766418457,False,-47.6702766418457,-5.296697404649523
m3gnet,wbm-4-12792,Er2 Fe2 Sn4,8,-44.771053314208984,False,-44.771053314208984,-5.596381664276123
m3gnet,wbm-4-12793,Fe1 Ho6 Sn2,9,-47.829444885253906,False,-47.829444885253906,-5.314382765028212
m3gnet,wbm-4-12794,Fe2 Ho2 Sn4,8,-44.806861877441406,False,-44.806861877441406,-5.600857734680176
m3gnet,wbm-4-12795,Fe2 Ir2 Sn4,8,-50.35441207885742,False,-50.35441207885742,-6.294301509857178
m3gnet,wbm-4-12796,Fe1 La6 Sn2,9,-49.65571594238281,False,-49.65571594238281,-5.517301771375868
m3gnet,wbm-4-12797,Fe1 Nd6 Sn2,9,-48.266937255859375,False,-48.266937255859375,-5.36299302842882
m3gnet,wbm-4-12798,Fe1 Np6 Sn2,9,-91.04029083251953,False,-91.04029083251953,-10.115587870279947
m3gnet,wbm-4-12799,Fe2 Np2 Sn4,8,-59.479736328125,False,-59.479736328125,-7.434967041015625
m3gnet,wbm-4-12800,Fe1 Pr6 Sn2,9,-48.19129943847656,False,-48.19129943847656,-5.3545888264973955
m3gnet,wbm-4-12801,Fe2 Sm4 Sn4,10,-55.74613952636719,False,-55.74613952636719,-5.574613952636719
m3gnet,wbm-4-12802,Fe1 Sm6 Sn2,9,-48.248924255371094,False,-48.248924255371094,-5.360991583930121
m3gnet,wbm-4-12803,Fe1 Sn2 Th6,9,-63.86933517456055,False,-63.86933517456055,-7.096592797173394
m3gnet,wbm-4-12804,Fe2 Sn4 Tm2,8,-44.34510040283203,False,-44.34510040283203,-5.543137550354004
m3gnet,wbm-4-12805,Fe2 Sn4,6,-32.938819885253906,False,-32.938819885253906,-5.489803314208984
m3gnet,wbm-4-12806,Fe1 Sn2 Yb6,9,-27.60741424560547,False,-27.60741424560547,-3.067490471733941
m3gnet,wbm-4-12807,Fe2 La2 Sn6,10,-53.4659423828125,False,-53.4659423828125,-5.34659423828125
m3gnet,wbm-4-12808,Fe2 Pr2 Sn6,10,-52.6669807434082,False,-52.6669807434082,-5.2666980743408205
m3gnet,wbm-4-12809,Er2 Fe2 Sn2,6,-35.97193145751953,False,-35.97193145751953,-5.995321909586589
m3gnet,wbm-4-12810,Fe3 Pa3 Sn3,9,-68.65301513671875,False,-68.65301513671875,-7.62811279296875
m3gnet,wbm-4-12811,Fe4 Pa4 Sn4,12,-90.7027816772461,False,-90.7027816772461,-7.558565139770508
m3gnet,wbm-4-12812,Fe2 Pb2 Sn2,6,-31.4615535736084,False,-31.4615535736084,-5.243592262268066
m3gnet,wbm-4-12813,Fe1 Pm2 Sn1,4,-21.505311965942383,False,-21.505311965942383,-5.376327991485596
m3gnet,wbm-4-12814,Fe2 Pu2 Sn2,6,-52.27201843261719,False,-52.27201843261719,-8.712003072102865
m3gnet,wbm-4-12815,Fe2 Sn2 Ta2,6,-48.63723373413086,False,-48.63723373413086,-8.106205622355143
m3gnet,wbm-4-12816,Fe2 Sn2 Tm2,6,-35.89533996582031,False,-35.89533996582031,-5.982556660970052
m3gnet,wbm-4-12817,Fe4 Sn4,8,-48.68088150024414,False,-48.68088150024414,-6.085110187530518
m3gnet,wbm-4-12818,Fe1 Pd2 Sr2,5,-23.390501022338867,False,-23.390501022338867,-4.678100204467773
m3gnet,wbm-4-12819,Fe2 Sr6,8,-23.246225357055664,False,-23.246225357055664,-2.905778169631958
m3gnet,wbm-4-12820,Fe1 In2 Sr6,9,-24.127836227416992,False,-24.127836227416992,-2.680870691935221
m3gnet,wbm-4-12821,Fe1 Sn2 Sr6,9,-28.252042770385742,False,-28.252042770385742,-3.1391158633761935
m3gnet,wbm-4-12822,Ag4 Fe4 Sr4,12,-47.794368743896484,False,-47.794368743896484,-3.9828640619913735
m3gnet,wbm-4-12823,Fe4 Hg4 Sr4,12,-39.18350601196289,False,-39.18350601196289,-3.265292167663574
m3gnet,wbm-4-12824,Fe1 Pd2 Sr1,4,-21.37169647216797,False,-21.37169647216797,-5.342924118041992
m3gnet,wbm-4-12825,Fe4 Pd4 Sr4,12,-61.2971305847168,False,-61.2971305847168,-5.108094215393066
m3gnet,wbm-4-12826,Fe1 Pt2 Sr1,4,-22.884071350097656,False,-22.884071350097656,-5.721017837524414
m3gnet,wbm-4-12827,Fe2 Pt2 Sr2,6,-32.86580276489258,False,-32.86580276489258,-5.477633794148763
m3gnet,wbm-4-12828,Fe2 Sb2 Sr2,6,-29.497222900390625,False,-29.497222900390625,-4.9162038167317705
m3gnet,wbm-4-12829,Fe1 Pb2 Ta6,9,-85.49475860595703,False,-85.49475860595703,-9.499417622884115
m3gnet,wbm-4-12830,Fe1 Ta6 Tl2,9,-82.5269546508789,False,-82.5269546508789,-9.169661627875435
m3gnet,wbm-4-12831,Fe3 Ir3 Ta3,9,-89.96165466308594,False,-89.96165466308594,-9.995739407009548
m3gnet,wbm-4-12832,Fe1 Pt1 Tb2,4,-25.927885055541992,False,-25.927885055541992,-6.481971263885498
m3gnet,wbm-4-12833,Fe1 Pb2 Tb6,9,-46.46424865722656,False,-46.46424865722656,-5.1626942952473955
m3gnet,wbm-4-12834,Fe1 Tb6 Tl2,9,-42.63763427734375,False,-42.63763427734375,-4.737514919704861
m3gnet,wbm-4-12835,Fe3 Hg3 Tb3,9,-39.136940002441406,False,-39.136940002441406,-4.348548889160156
m3gnet,wbm-4-12836,Fe4 Ir4 Tb4,12,-93.06210327148438,False,-93.06210327148438,-7.755175272623698
m3gnet,wbm-4-12837,Fe1 Pt2 Tb1,4,-27.759878158569336,False,-27.759878158569336,-6.939969539642334
m3gnet,wbm-4-12838,Fe4 Tb4,8,-51.30682373046875,False,-51.30682373046875,-6.413352966308594
m3gnet,wbm-4-12839,Au2 Fe2 Te4,8,-36.42698669433594,False,-36.42698669433594,-4.553373336791992
m3gnet,wbm-4-12840,Cs2 Fe2 Te4,8,-34.99430465698242,False,-34.99430465698242,-4.374288082122803
m3gnet,wbm-4-12841,Fe1 Pm1 Te2,4,-21.634613037109375,False,-21.634613037109375,-5.408653259277344
m3gnet,wbm-4-12842,Fe1 Pm1 Te2,4,-21.634601593017578,False,-21.634601593017578,-5.4086503982543945
m3gnet,wbm-4-12843,Fe2 Th2,4,-32.03700637817383,False,-32.03700637817383,-8.009251594543457
m3gnet,wbm-4-12844,Fe4 Th4,8,-64.1431655883789,False,-64.1431655883789,-8.017895698547363
m3gnet,wbm-4-12845,Fe1 Pu6 Tl2,9,-93.55284881591797,False,-93.55284881591797,-10.39476097954644
m3gnet,wbm-4-12846,Fe1 Th6 Tl2,9,-58.78377914428711,False,-58.78377914428711,-6.531531016031901
m3gnet,wbm-4-12847,Fe1 Tl2 U6,9,-79.44781494140625,False,-79.44781494140625,-8.827534993489584
m3gnet,wbm-4-12848,Fe2 Th2 Tl2,6,-34.48878860473633,False,-34.48878860473633,-5.748131434122722
m3gnet,wbm-4-12849,Fe2 Tl2 U2,6,-41.46339416503906,False,-41.46339416503906,-6.910565694173177
m3gnet,wbm-4-12850,Fe4 Tl4,8,-37.97371292114258,False,-37.97371292114258,-4.746714115142822
m3gnet,wbm-4-12851,Fe1 Ir2 Tm2,5,-38.48579406738281,False,-38.48579406738281,-7.6971588134765625
m3gnet,wbm-4-12852,Fe1 Os2 Tm2,5,-41.16596221923828,False,-41.16596221923828,-8.233192443847656
m3gnet,wbm-4-12853,Fe1 Pt1 Tm2,4,-25.786212921142578,False,-25.786212921142578,-6.4465532302856445
m3gnet,wbm-4-12854,Fe1 Pb2 Tm6,9,-45.58032989501953,False,-45.58032989501953,-5.064481099446614
m3gnet,wbm-4-12855,Fe1 Tl2 Tm6,9,-41.839988708496094,False,-41.839988708496094,-4.648887634277344
m3gnet,wbm-4-12856,Au4 Fe2 Tm2,8,-41.46003341674805,False,-41.46003341674805,-5.182504177093506
m3gnet,wbm-4-12857,Fe3 Hg3 Tm3,9,-38.88564682006836,False,-38.88564682006836,-4.32062742445204
m3gnet,wbm-4-12858,Fe4 Ir4 Tm4,12,-93.1397705078125,False,-93.1397705078125,-7.761647542317708
m3gnet,wbm-4-12859,Fe1 Pt2 Tm1,4,-28.066118240356445,False,-28.066118240356445,-7.016529560089111
m3gnet,wbm-4-12860,Fe1 Pt2 Tm1,4,-27.888505935668945,False,-27.888505935668945,-6.972126483917236
m3gnet,wbm-4-12861,Fe4 Tm4,8,-51.33087921142578,False,-51.33087921142578,-6.416359901428223
m3gnet,wbm-4-12862,Fe2 W2,4,-42.49985885620117,False,-42.49985885620117,-10.624964714050293
m3gnet,wbm-4-12864,Fe1 Pt1 Y2,4,-29.41571807861328,False,-29.41571807861328,-7.35392951965332
m3gnet,wbm-4-12865,Fe2 Sn4 Y4,10,-63.150062561035156,False,-63.150062561035156,-6.315006256103516
m3gnet,wbm-4-12866,Fe1 Pb2 Y6,9,-57.89645004272461,False,-57.89645004272461,-6.432938893636067
m3gnet,wbm-4-12867,Fe1 Tl2 Y6,9,-53.884796142578125,False,-53.884796142578125,-5.98719957139757
m3gnet,wbm-4-12868,Fe2 Ir4 Yb4,10,-62.600128173828125,False,-62.600128173828125,-6.260012817382813
m3gnet,wbm-4-12869,Fe1 Ir2 Yb2,5,-31.30488395690918,False,-31.30488395690918,-6.260976791381836
m3gnet,wbm-4-12870,Bi4 Fe4 Yb4,12,-56.49180221557617,False,-56.49180221557617,-4.707650184631348
m3gnet,wbm-4-12871,Fe3 Hg3 Yb3,9,-29.675432205200195,False,-29.675432205200195,-3.297270245022244
m3gnet,wbm-4-12872,Fe1 Pt2 Yb1,4,-24.312761306762695,False,-24.312761306762695,-6.078190326690674
m3gnet,wbm-4-12873,Fe2 Tl4 Yb2,8,-28.22954559326172,False,-28.22954559326172,-3.528693199157715
m3gnet,wbm-4-12874,Fe4 Yb4,8,-38.61769104003906,False,-38.61769104003906,-4.827211380004883
m3gnet,wbm-4-12875,Cd4 Fe4 Y4,12,-63.28191375732422,False,-63.28191375732422,-5.273492813110352
m3gnet,wbm-4-12876,Fe4 Ir4 Y4,12,-100.42821502685547,False,-100.42821502685547,-8.369017918904623
m3gnet,wbm-4-12877,Fe1 Pt2 Y1,4,-29.462495803833008,False,-29.462495803833008,-7.365623950958252
m3gnet,wbm-4-12878,Fe4 Rh4 Y4,12,-94.06302642822266,False,-94.06302642822266,-7.838585535685222
m3gnet,wbm-4-12879,Fe4 Ru4 Y4,12,-99.49209594726562,False,-99.49209594726562,-8.291007995605469
m3gnet,wbm-4-12880,Fe4 Y4,8,-58.14885330200195,False,-58.14885330200195,-7.268606662750244
m3gnet,wbm-4-12881,Ba2 Fe2 Zn4,8,-25.32178497314453,False,-25.32178497314453,-3.1652231216430664
m3gnet,wbm-4-12882,Dy2 Fe1 Zn2,5,-20.67542839050293,False,-20.67542839050293,-4.135085678100586
m3gnet,wbm-4-12883,Dy2 Fe2 Zn4,8,-32.6718864440918,False,-32.6718864440918,-4.083985805511475
m3gnet,wbm-4-12884,Er3 Fe1 Zn2,6,-25.860729217529297,False,-25.860729217529297,-4.310121536254883
m3gnet,wbm-4-12885,Er2 Fe2 Zn4,8,-32.477542877197266,False,-32.477542877197266,-4.059692859649658
m3gnet,wbm-4-12886,Fe1 Gd2 Zn2,5,-38.9714241027832,False,-38.9714241027832,-7.794284820556641
m3gnet,wbm-4-12887,Fe1 Ho2 Zn2,5,-20.627655029296875,False,-20.627655029296875,-4.125531005859375
m3gnet,wbm-4-12888,Fe2 Ho2 Zn4,8,-32.644535064697266,False,-32.644535064697266,-4.080566883087158
m3gnet,wbm-4-12889,Fe2 Np2 Zn4,8,-46.50945281982422,False,-46.50945281982422,-5.813681602478027
m3gnet,wbm-4-12890,Fe1 Pt1 Zn2,4,-18.133319854736328,False,-18.133319854736328,-4.533329963684082
m3gnet,wbm-4-12891,Fe2 Pu2 Zn4,8,-48.44282150268555,False,-48.44282150268555,-6.055352687835693
m3gnet,wbm-4-12892,Fe1 Sm1 Zn2,4,-15.4651517868042,False,-15.4651517868042,-3.86628794670105
m3gnet,wbm-4-12893,Fe2 Sr2 Zn4,8,-25.08458709716797,False,-25.08458709716797,-3.135573387145996
m3gnet,wbm-4-12894,Fe1 Tb2 Zn2,5,-20.68182945251465,False,-20.68182945251465,-4.13636589050293
m3gnet,wbm-4-12895,Fe1 Tm2 Zn2,5,-20.524097442626953,False,-20.524097442626953,-4.104819488525391
m3gnet,wbm-4-12896,Fe2 U2 Zn4,8,-44.77724075317383,False,-44.77724075317383,-5.5971550941467285
m3gnet,wbm-4-12897,Fe2 Zn4,6,-21.922801971435547,False,-21.922801971435547,-3.6538003285725913
m3gnet,wbm-4-12898,Fe2 Yb2 Zn4,8,-25.854677200317383,False,-25.854677200317383,-3.231834650039673
m3gnet,wbm-4-12899,Fe2 Y2 Zn4,8,-36.397926330566406,False,-36.397926330566406,-4.549740791320801
m3gnet,wbm-4-12900,Fe1 Zn5,6,-14.97997760772705,False,-14.97997760772705,-2.4966629346211753
m3gnet,wbm-4-12901,Fe2 Ga2 Zn2,6,-25.413856506347656,False,-25.413856506347656,-4.235642751057942
m3gnet,wbm-4-12902,Fe4 Ge4 Zn4,12,-57.651912689208984,False,-57.651912689208984,-4.804326057434082
m3gnet,wbm-4-12903,Fe2 La2 Zn2,6,-29.98360252380371,False,-29.98360252380371,-4.997267087300618
m3gnet,wbm-4-12904,Fe2 Pa2 Zn2,6,-38.45158004760742,False,-38.45158004760742,-6.408596674601237
m3gnet,wbm-4-12905,Fe1 Pd2 Zn1,4,-21.061548233032227,False,-21.061548233032227,-5.265387058258057
m3gnet,wbm-4-12906,Fe1 Pm2 Zn1,4,-18.668426513671875,False,-18.668426513671875,-4.667106628417969
m3gnet,wbm-4-12907,Fe1 Pt2 Zn1,4,-23.169897079467773,False,-23.169897079467773,-5.792474269866943
m3gnet,wbm-4-12908,Fe1 Pt2 Zn1,4,-23.22998809814453,False,-23.22998809814453,-5.807497024536133
m3gnet,wbm-4-12909,Fe3 Pt3 Zn3,9,-49.18369674682617,False,-49.18369674682617,-5.464855194091797
m3gnet,wbm-4-12910,Fe4 Sr4 Zn4,12,-43.21110153198242,False,-43.21110153198242,-3.6009251276652017
m3gnet,wbm-4-12911,Fe3 Yb3 Zn3,9,-32.96241760253906,False,-32.96241760253906,-3.6624908447265625
m3gnet,wbm-4-12912,Fe4 Yb4 Zn4,12,-44.987281799316406,False,-44.987281799316406,-3.7489401499430337
m3gnet,wbm-4-12913,Fe1 Pb1 Zr2,4,-29.299875259399414,False,-29.299875259399414,-7.3249688148498535
m3gnet,wbm-4-12914,Fe2 Pt4 Zr4,10,-81.3197021484375,False,-81.3197021484375,-8.13197021484375
m3gnet,wbm-4-12915,Fe4 Zr8,12,-103.10588073730469,False,-103.10588073730469,-8.592156728108725
m3gnet,wbm-4-12916,Fe1 Tl2 Zr6,9,-66.07466125488281,False,-66.07466125488281,-7.3416290283203125
m3gnet,wbm-4-12917,Fe2 In2 Zr2,6,-40.8016471862793,False,-40.8016471862793,-6.80027453104655
m3gnet,wbm-4-12918,Fe1 Pt2 Zr1,4,-31.79448699951172,False,-31.79448699951172,-7.94862174987793
m3gnet,wbm-4-12919,Fe1 Pt2 Zr1,4,-31.780899047851562,False,-31.780899047851562,-7.945224761962891
m3gnet,wbm-4-12920,Fe3 Pt3 Zr3,9,-72.6493911743164,False,-72.6493911743164,-8.072154574924046
m3gnet,wbm-4-12921,Fe1 Rh2 Zr1,4,-33.63798141479492,False,-33.63798141479492,-8.40949535369873
m3gnet,wbm-4-12922,Fe3 Ru3 Zr3,9,-81.4642105102539,False,-81.4642105102539,-9.051578945583767
m3gnet,wbm-4-12923,Fe4 Sb4 Zr4,12,-89.85163879394531,False,-89.85163879394531,-7.487636566162109
m3gnet,wbm-4-12924,Fe4 Zr4,8,-69.02236938476562,False,-69.02236938476562,-8.627796173095703
m3gnet,wbm-4-12925,Ag2 Cs2 Ga4,8,-20.37501335144043,False,-20.37501335144043,-2.5468766689300537
m3gnet,wbm-4-12926,Ag2 Dy2 Ga4,8,-30.872684478759766,False,-30.872684478759766,-3.8590855598449707
m3gnet,wbm-4-12927,Ag2 Er2 Ga4,8,-30.651826858520508,False,-30.651826858520508,-3.8314783573150635
m3gnet,wbm-4-12928,Ag2 Ga4 Gd2,8,-49.760101318359375,False,-49.760101318359375,-6.220012664794922
m3gnet,wbm-4-12929,Ag2 Ga4 Ho2,8,-30.75701332092285,False,-30.75701332092285,-3.8446266651153564
m3gnet,wbm-4-12930,Ag2 Ga4 Sm2,8,-31.170852661132812,False,-31.170852661132812,-3.8963565826416016
m3gnet,wbm-4-12931,Ag2 Ga4 Tb2,8,-30.973541259765625,False,-30.973541259765625,-3.871692657470703
m3gnet,wbm-4-12932,Ag2 Ga4 Tm2,8,-30.35723876953125,False,-30.35723876953125,-3.7946548461914062
m3gnet,wbm-4-12933,Ag1 Ga2 Yb1,4,-11.794109344482422,False,-11.794109344482422,-2.9485273361206055
m3gnet,wbm-4-12934,As2 Ga2 Sr1,5,-20.3810977935791,False,-20.3810977935791,-4.07621955871582
m3gnet,wbm-4-12935,As2 Ga2 Yb1,5,-20.1434268951416,False,-20.1434268951416,-4.02868537902832
m3gnet,wbm-4-12936,Au3 Ga2 Th1,6,-26.114782333374023,False,-26.114782333374023,-4.352463722229004
m3gnet,wbm-4-12937,Au2 Ga4 Np2,8,-45.54465103149414,False,-45.54465103149414,-5.693081378936768
m3gnet,wbm-4-12938,Au3 Ba1 Ga2,6,-21.029388427734375,False,-21.029388427734375,-3.5048980712890625
m3gnet,wbm-4-12939,Ba1 Ce1 Ga2,4,-15.107990264892578,False,-15.107990264892578,-3.7769975662231445
m3gnet,wbm-4-12940,Ba2 Ga4 Hg4,10,-20.666311264038086,False,-20.666311264038086,-2.0666311264038084
m3gnet,wbm-4-12941,Ba1 Ga2 Hg2,5,-10.465951919555664,False,-10.465951919555664,-2.093190383911133
m3gnet,wbm-4-12942,Ba1 Ga2 Ir3,6,-37.53129959106445,False,-37.53129959106445,-6.255216598510742
m3gnet,wbm-4-12943,Ba2 Ga4 Os4,10,-60.743953704833984,False,-60.743953704833984,-6.074395370483399
m3gnet,wbm-4-12944,Ba1 Ga2 Yb1,4,-10.86468505859375,False,-10.86468505859375,-2.7161712646484375
m3gnet,wbm-4-12945,Ag1 Br8 Ga2,11,-30.164844512939453,False,-30.164844512939453,-2.742258592085405
m3gnet,wbm-4-12946,Ba4 Br2 Ga4,10,-32.7076301574707,False,-32.7076301574707,-3.2707630157470704
m3gnet,wbm-4-12947,Ba2 Cd4 Ga4,10,-23.410282135009766,False,-23.410282135009766,-2.3410282135009766
m3gnet,wbm-4-12948,Cd2 Ga2 Pr1,5,-14.666492462158203,False,-14.666492462158203,-2.9332984924316405
m3gnet,wbm-4-12949,Cd2 Ga4 Pt2,8,-29.21456527709961,False,-29.21456527709961,-3.651820659637451
m3gnet,wbm-4-12950,Ce1 Dy1 Ga2,4,-18.832839965820312,False,-18.832839965820312,-4.708209991455078
m3gnet,wbm-4-12951,Ce1 Er1 Ga2,4,-18.775516510009766,False,-18.775516510009766,-4.693879127502441
m3gnet,wbm-4-12952,Ce1 Ga2 Ho1,4,-18.8045711517334,False,-18.8045711517334,-4.70114278793335
m3gnet,wbm-4-12953,Ce2 Ga4 Ir4,10,-66.49783325195312,False,-66.49783325195312,-6.649783325195313
m3gnet,wbm-4-12954,Ce1 Ga2 Lu1,4,-18.70539665222168,False,-18.70539665222168,-4.67634916305542
m3gnet,wbm-4-12955,Ce1 Ga2 Nd1,4,-18.921165466308594,False,-18.921165466308594,-4.730291366577148
m3gnet,wbm-4-12956,Ce1 Ga2 Pm1,4,-18.840200424194336,False,-18.840200424194336,-4.710050106048584
m3gnet,wbm-4-12957,Ce1 Ga2 Pr1,4,-18.886016845703125,False,-18.886016845703125,-4.721504211425781
m3gnet,wbm-4-12958,Ce2 Ga4 Re2,8,-50.885746002197266,False,-50.885746002197266,-6.360718250274658
m3gnet,wbm-4-12959,Ce1 Ga2 Sm1,4,-18.900259017944336,False,-18.900259017944336,-4.725064754486084
m3gnet,wbm-4-12960,Ce1 Ga2 Tb1,4,-18.814577102661133,False,-18.814577102661133,-4.703644275665283
m3gnet,wbm-4-12961,Ce1 Ga2 Th1,4,-21.467849731445312,False,-21.467849731445312,-5.366962432861328
m3gnet,wbm-4-12962,Ce1 Ga2 Tm1,4,-18.713611602783203,False,-18.713611602783203,-4.678402900695801
m3gnet,wbm-4-12963,Ce1 Ga2 U1,4,-23.844940185546875,False,-23.844940185546875,-5.961235046386719
m3gnet,wbm-4-12964,Au2 Cs2 Ga4,8,-23.00954818725586,False,-23.00954818725586,-2.8761935234069824
m3gnet,wbm-4-12965,Cs2 Ga4 Pt2,8,-30.37921714782715,False,-30.37921714782715,-3.7974021434783936
m3gnet,wbm-4-12966,Cs2 Ga4 Pt2,8,-30.38018798828125,False,-30.38018798828125,-3.7975234985351562
m3gnet,wbm-4-12967,Dy4 Ga4 Hg2,10,-37.435577392578125,False,-37.435577392578125,-3.7435577392578123
m3gnet,wbm-4-12968,Dy1 Er1 Ga2,4,-17.806777954101562,False,-17.806777954101562,-4.451694488525391
m3gnet,wbm-4-12969,Dy2 Ga4 Ir4,10,-64.18607330322266,False,-64.18607330322266,-6.418607330322265
m3gnet,wbm-4-12970,Dy1 Ga2 Lu1,4,-17.69857406616211,False,-17.69857406616211,-4.424643516540527
m3gnet,wbm-4-12971,Dy1 Ga2 Yb1,4,-14.545053482055664,False,-14.545053482055664,-3.636263370513916
m3gnet,wbm-4-12972,Er2 Ga4 Ir4,10,-63.971805572509766,False,-63.971805572509766,-6.397180557250977
m3gnet,wbm-4-12973,Er1 Ga2 Lu1,4,-17.6690616607666,False,-17.6690616607666,-4.41726541519165
m3gnet,wbm-4-12974,Er1 Ga2 Tm1,4,-17.657276153564453,False,-17.657276153564453,-4.414319038391113
m3gnet,wbm-4-12975,Er1 Ga2 Yb1,4,-14.388301849365234,False,-14.388301849365234,-3.5970754623413086
m3gnet,wbm-4-12976,Au2 Ga4 Hf2,8,-41.85383224487305,False,-41.85383224487305,-5.231729030609131
m3gnet,wbm-4-12977,Ga2 Hf1 Ir3,6,-45.583255767822266,False,-45.583255767822266,-7.597209294637044
m3gnet,wbm-4-12978,Ga4 Hf2 Pt4,10,-63.643028259277344,False,-63.643028259277344,-6.3643028259277346
m3gnet,wbm-4-12979,Ga4 Hg2 Ho4,10,-37.253997802734375,False,-37.253997802734375,-3.7253997802734373
m3gnet,wbm-4-12980,Er1 Ga2 Ho1,4,-17.766014099121094,False,-17.766014099121094,-4.441503524780273
m3gnet,wbm-4-12981,Ga4 Ho2 Ir4,10,-64.10713195800781,False,-64.10713195800781,-6.410713195800781
m3gnet,wbm-4-12982,Ga4 Ho2 Ir2,8,-45.16027069091797,False,-45.16027069091797,-5.645033836364746
m3gnet,wbm-4-12983,Ga2 Ho1 Lu1,4,-17.660287857055664,False,-17.660287857055664,-4.415071964263916
m3gnet,wbm-4-12984,Ga2 Ho1 Tm1,4,-17.69097900390625,False,-17.69097900390625,-4.4227447509765625
m3gnet,wbm-4-12985,Ga2 Ho1 Yb1,4,-14.49051284790039,False,-14.49051284790039,-3.6226282119750977
m3gnet,wbm-4-12986,Au2 Ga4 In2,8,-25.19739532470703,False,-25.19739532470703,-3.149674415588379
m3gnet,wbm-4-12987,Ga2 In1 Yb1,4,-11.973610877990723,False,-11.973610877990723,-2.9934027194976807
m3gnet,wbm-4-12988,Ga4 Ir4 Th2,10,-69.94379425048828,False,-69.94379425048828,-6.9943794250488285
m3gnet,wbm-4-12989,Ga4 Ir4 U2,10,-74.45591735839844,False,-74.45591735839844,-7.445591735839844
m3gnet,wbm-4-12990,Ga4 Ir2 Pu2,8,-60.112335205078125,False,-60.112335205078125,-7.514041900634766
m3gnet,wbm-4-12991,Ga4 Ir2 U2,8,-56.21147155761719,False,-56.21147155761719,-7.026433944702148
m3gnet,wbm-4-12992,Ga6 Ir3,9,-48.687599182128906,False,-48.687599182128906,-5.409733242458767
m3gnet,wbm-4-12993,Ce1 Ga2 La1,4,-19.06801986694336,False,-19.06801986694336,-4.76700496673584
m3gnet,wbm-4-12994,Er1 Ga2 La1,4,-17.957618713378906,False,-17.957618713378906,-4.489404678344727
m3gnet,wbm-4-12995,Ga2 Hg2 La1,5,-13.740588188171387,False,-13.740588188171387,-2.7481176376342775
m3gnet,wbm-4-12996,Ga2 Ho1 La1,4,-17.96964454650879,False,-17.96964454650879,-4.492411136627197
m3gnet,wbm-4-12997,Ga4 Ir4 La2,10,-65.01065063476562,False,-65.01065063476562,-6.501065063476562
m3gnet,wbm-4-12998,Ga2 La1 Lu1,4,-17.817747116088867,False,-17.817747116088867,-4.454436779022217
m3gnet,wbm-4-12999,Ga4 La2 Os4,10,-69.59098815917969,False,-69.59098815917969,-6.959098815917969
m3gnet,wbm-4-13000,Ga2 La1 Os3,6,-45.72836685180664,False,-45.72836685180664,-7.6213944753011065
m3gnet,wbm-4-13001,Ga2 La1 Pm1,4,-18.07482147216797,False,-18.07482147216797,-4.518705368041992
m3gnet,wbm-4-13002,Ga2 La1 Sm1,4,-18.091341018676758,False,-18.091341018676758,-4.5228352546691895
m3gnet,wbm-4-13003,Ga2 La1 Tm1,4,-17.838167190551758,False,-17.838167190551758,-4.4595417976379395
m3gnet,wbm-4-13004,Ga2 La1 Yb1,4,-14.860223770141602,False,-14.860223770141602,-3.7150559425354004
m3gnet,wbm-4-13005,Ga4 Ir4 Lu2,10,-63.794429779052734,False,-63.794429779052734,-6.379442977905273
m3gnet,wbm-4-13006,Cd2 Ga4 Nb4,10,-56.50473403930664,False,-56.50473403930664,-5.650473403930664
m3gnet,wbm-4-13007,Ga4 Nb2 Ru2,8,-53.949066162109375,False,-53.949066162109375,-6.743633270263672
m3gnet,wbm-4-13008,Dy1 Ga2 Nd1,4,-17.90512466430664,False,-17.90512466430664,-4.47628116607666
m3gnet,wbm-4-13009,Ga4 Ir4 Nd2,10,-64.43302917480469,False,-64.43302917480469,-6.443302917480469
m3gnet,wbm-4-13010,Ga4 Nd2 Os4,10,-69.22718048095703,False,-69.22718048095703,-6.922718048095703
m3gnet,wbm-4-13011,Ga2 Nd1 Os3,6,-45.66461944580078,False,-45.66461944580078,-7.610769907633464
m3gnet,wbm-4-13012,Ga2 Nd1 Sm1,4,-17.971586227416992,False,-17.971586227416992,-4.492896556854248
m3gnet,wbm-4-13013,Ga2 Os3 Th1,6,-48.633277893066406,False,-48.633277893066406,-8.105546315511068
m3gnet,wbm-4-13014,Ga4 Np2 Os2,8,-61.54011154174805,False,-61.54011154174805,-7.692513942718506
m3gnet,wbm-4-13015,Ga8 Pa4,12,-66.58625030517578,False,-66.58625030517578,-5.5488541920979815
m3gnet,wbm-4-13016,Ga4 Np2 Pd4,10,-62.69092559814453,False,-62.69092559814453,-6.269092559814453
m3gnet,wbm-4-13017,Ga4 Pd4 Pu2,10,-64.81468200683594,False,-64.81468200683594,-6.481468200683594
m3gnet,wbm-4-13018,Ba1 Ga2 Pd3,6,-27.73531150817871,False,-27.73531150817871,-4.622551918029785
m3gnet,wbm-4-13019,Dy1 Ga2 Pd3,6,-31.023353576660156,False,-31.023353576660156,-5.170558929443359
m3gnet,wbm-4-13020,Er1 Ga2 Pd3,6,-30.99530029296875,False,-30.99530029296875,-5.165883382161458
m3gnet,wbm-4-13021,Ga2 Ho1 Pd3,6,-30.974519729614258,False,-30.974519729614258,-5.16241995493571
m3gnet,wbm-4-13022,Ga2 Lu1 Pd3,6,-30.858924865722656,False,-30.858924865722656,-5.143154144287109
m3gnet,wbm-4-13023,Ga2 Np1 Pd3,6,-37.01169204711914,False,-37.01169204711914,-6.168615341186523
m3gnet,wbm-4-13024,Ga2 Pd3 Tb1,6,-31.066566467285156,False,-31.066566467285156,-5.177761077880859
m3gnet,wbm-4-13025,Ga2 Pd3 Th1,6,-34.03905487060547,False,-34.03905487060547,-5.673175811767578
m3gnet,wbm-4-13026,Ga2 Pd3 Tm1,6,-30.868066787719727,False,-30.868066787719727,-5.144677797953288
m3gnet,wbm-4-13027,Ga2 Pd3 U1,6,-35.62955093383789,False,-35.62955093383789,-5.9382584889729815
m3gnet,wbm-4-13028,Cd2 Ga4 Pd2,8,-26.85923194885254,False,-26.85923194885254,-3.3574039936065674
m3gnet,wbm-4-13029,Cs2 Ga4 Pd2,8,-27.65924072265625,False,-27.65924072265625,-3.4574050903320312
m3gnet,wbm-4-13030,Ga4 Pa2 Pd2,8,-46.327537536621094,False,-46.327537536621094,-5.790942192077637
m3gnet,wbm-4-13031,Ga2 Pd1 Yb6,9,-24.51681900024414,False,-24.51681900024414,-2.724091000027127
m3gnet,wbm-4-13032,Ga2 Pd1 Yb1,4,-15.334868431091309,False,-15.334868431091309,-3.833717107772827
m3gnet,wbm-4-13033,Dy1 Ga2 Pm1,4,-17.783367156982422,False,-17.783367156982422,-4.4458417892456055
m3gnet,wbm-4-13034,Er1 Ga2 Pm1,4,-17.6951961517334,False,-17.6951961517334,-4.42379903793335
m3gnet,wbm-4-13035,Ga2 Ho1 Pm1,4,-17.737287521362305,False,-17.737287521362305,-4.434321880340576
m3gnet,wbm-4-13036,Ga2 Lu1 Pm1,4,-17.59445571899414,False,-17.59445571899414,-4.398613929748535
m3gnet,wbm-4-13037,Ga2 Pm1 Sm1,4,-17.890079498291016,False,-17.890079498291016,-4.472519874572754
m3gnet,wbm-4-13038,Ga2 Pm1 Tb1,4,-17.768875122070312,False,-17.768875122070312,-4.442218780517578
m3gnet,wbm-4-13039,Ga2 Pm1 Th1,4,-20.451831817626953,False,-20.451831817626953,-5.112957954406738
m3gnet,wbm-4-13040,Ga2 Pm1 Tm1,4,-17.611732482910156,False,-17.611732482910156,-4.402933120727539
m3gnet,wbm-4-13041,Ga2 Pm1 U1,4,-22.687931060791016,False,-22.687931060791016,-5.671982765197754
m3gnet,wbm-4-13042,Dy1 Ga2 Pr1,4,-17.853652954101562,False,-17.853652954101562,-4.463413238525391
m3gnet,wbm-4-13043,Ga2 Ho1 Pr1,4,-17.8110294342041,False,-17.8110294342041,-4.452757358551025
m3gnet,wbm-4-13044,Ga4 Ir4 Pr2,10,-64.43362426757812,False,-64.43362426757812,-6.443362426757813
m3gnet,wbm-4-13045,Ga2 Nd1 Pr1,4,-17.98040771484375,False,-17.98040771484375,-4.4951019287109375
m3gnet,wbm-4-13046,Ga4 Os4 Pr2,10,-69.22785949707031,False,-69.22785949707031,-6.922785949707031
m3gnet,wbm-4-13047,Ga2 Os3 Pr1,6,-45.616546630859375,False,-45.616546630859375,-7.6027577718098955
m3gnet,wbm-4-13048,Ga2 Pr1 Tb1,4,-17.885704040527344,False,-17.885704040527344,-4.471426010131836
m3gnet,wbm-4-13049,Ga2 Pr1 Yb1,4,-14.713714599609375,False,-14.713714599609375,-3.6784286499023438
m3gnet,wbm-4-13050,Ga4 Pt4 Pu2,10,-68.28750610351562,False,-68.28750610351562,-6.8287506103515625
m3gnet,wbm-4-13051,Ga4 Pa2 Pt2,8,-49.07929992675781,False,-49.07929992675781,-6.134912490844727
m3gnet,wbm-4-13052,Ag2 Ga4 Rb2,8,-20.475534439086914,False,-20.475534439086914,-2.5594418048858643
m3gnet,wbm-4-13053,Ga4 Pd2 Rb2,8,-27.646141052246094,False,-27.646141052246094,-3.4557676315307617
m3gnet,wbm-4-13054,Ga4 Pt2 Rb2,8,-30.429670333862305,False,-30.429670333862305,-3.803708791732788
m3gnet,wbm-4-13055,Ga4 Pt2 Rb2,8,-30.42965316772461,False,-30.42965316772461,-3.803706645965576
m3gnet,wbm-4-13056,Ga4 Rb2 Rh2,8,-32.0200309753418,False,-32.0200309753418,-4.002503871917725
m3gnet,wbm-4-13057,Ga4 Np2 Rh4,10,-71.90605163574219,False,-71.90605163574219,-7.190605163574219
m3gnet,wbm-4-13058,Ga4 Pu2 Rh4,10,-73.45132446289062,False,-73.45132446289062,-7.345132446289062
m3gnet,wbm-4-13059,Ba1 Ga2 Rh3,6,-34.034568786621094,False,-34.034568786621094,-5.672428131103516
m3gnet,wbm-4-13060,Ga2 Hf1 Rh3,6,-42.20387649536133,False,-42.20387649536133,-7.033979415893555
m3gnet,wbm-4-13061,Cs2 Ga4 Rh2,8,-31.86785125732422,False,-31.86785125732422,-3.9834814071655273
m3gnet,wbm-4-13062,Ga4 Gd2 Rh2,8,-61.078495025634766,False,-61.078495025634766,-7.634811878204346
m3gnet,wbm-4-13063,Ga2 Pa6 Rh1,9,-72.72972106933594,False,-72.72972106933594,-8.081080118815104
m3gnet,wbm-4-13064,Ga4 Pa2 Rh2,8,-50.55171203613281,False,-50.55171203613281,-6.318964004516602
m3gnet,wbm-4-13065,Ga2 Rh1 Yb1,4,-17.49012565612793,False,-17.49012565612793,-4.372531414031982
m3gnet,wbm-4-13066,Ba2 Ga4 Ru4,10,-55.5465087890625,False,-55.5465087890625,-5.55465087890625
m3gnet,wbm-4-13067,Ce2 Ga4 Ru4,10,-65.8372802734375,False,-65.8372802734375,-6.58372802734375
m3gnet,wbm-4-13068,Dy2 Ga4 Ru4,10,-63.07376480102539,False,-63.07376480102539,-6.307376480102539
m3gnet,wbm-4-13069,Ga4 Ho2 Ru4,10,-63.01963424682617,False,-63.01963424682617,-6.301963424682617
m3gnet,wbm-4-13070,Ga4 La2 Ru4,10,-64.03672790527344,False,-64.03672790527344,-6.403672790527343
m3gnet,wbm-4-13071,Ga4 Nd2 Ru4,10,-63.2415771484375,False,-63.2415771484375,-6.32415771484375
m3gnet,wbm-4-13072,Ga4 Pr2 Ru4,10,-63.23936462402344,False,-63.23936462402344,-6.323936462402344
m3gnet,wbm-4-13073,Ga4 Ru4 Sm2,10,-63.19049835205078,False,-63.19049835205078,-6.319049835205078
m3gnet,wbm-4-13074,Ga4 Ru4 Tb2,10,-62.997074127197266,False,-62.997074127197266,-6.299707412719727
m3gnet,wbm-4-13075,Ga4 Ru4 Th2,10,-69.33414459228516,False,-69.33414459228516,-6.933414459228516
m3gnet,wbm-4-13076,Ga4 Ru4 Yb2,10,-56.02302932739258,False,-56.02302932739258,-5.602302932739258
m3gnet,wbm-4-13077,Ba1 Ga2 Ru3,6,-36.641971588134766,False,-36.641971588134766,-6.106995264689128
m3gnet,wbm-4-13078,Er1 Ga2 Ru3,6,-40.92506790161133,False,-40.92506790161133,-6.820844650268555
m3gnet,wbm-4-13079,Ga2 Ru3 Tb1,6,-40.93425750732422,False,-40.93425750732422,-6.822376251220703
m3gnet,wbm-4-13080,Ga2 Ru3 Th1,6,-43.94950485229492,False,-43.94950485229492,-7.324917475382487
m3gnet,wbm-4-13081,Ba6 Ga2 Ru1,9,-27.323808670043945,False,-27.323808670043945,-3.035978741115994
m3gnet,wbm-4-13082,Ga4 Gd2 Ru2,8,-63.20161437988281,False,-63.20161437988281,-7.900201797485352
m3gnet,wbm-4-13083,Ga4 Hf2 Ru2,8,-54.926849365234375,False,-54.926849365234375,-6.865856170654297
m3gnet,wbm-4-13084,Ga4 In2 Ru2,8,-38.1379508972168,False,-38.1379508972168,-4.7672438621521
m3gnet,wbm-4-13085,Ga2 Pa6 Ru1,9,-74.38384246826172,False,-74.38384246826172,-8.264871385362413
m3gnet,wbm-4-13086,Ga4 Ru2 Ta2,8,-57.165740966796875,False,-57.165740966796875,-7.145717620849609
m3gnet,wbm-4-13087,Ba1 Ga2 Sb2,5,-18.825664520263672,False,-18.825664520263672,-3.7651329040527344
m3gnet,wbm-4-13088,Ba1 Ga2 Sb2,5,-18.825796127319336,False,-18.825796127319336,-3.7651592254638673
m3gnet,wbm-4-13089,Eu1 Ga2 Sb2,5,-26.977100372314453,False,-26.977100372314453,-5.395420074462891
m3gnet,wbm-4-13090,Ga4 Pt6 Sb2,12,-64.50464630126953,False,-64.50464630126953,-5.375387191772461
m3gnet,wbm-4-13091,Ga4 Ir4 Sm2,10,-64.37163543701172,False,-64.37163543701172,-6.437163543701172
m3gnet,wbm-4-13092,Ga4 Os4 Sm2,10,-69.17411804199219,False,-69.17411804199219,-6.917411804199219
m3gnet,wbm-4-13093,Ga2 Os3 Sm1,6,-45.67354965209961,False,-45.67354965209961,-7.612258275349935
m3gnet,wbm-4-13094,Ga2 Sm1 Tb1,4,-17.904924392700195,False,-17.904924392700195,-4.476231098175049
m3gnet,wbm-4-13095,Ga2 Sm1 Tm1,4,-17.75895118713379,False,-17.75895118713379,-4.439737796783447
m3gnet,wbm-4-13096,Eu1 Ga2 Sr1,4,-19.511016845703125,False,-19.511016845703125,-4.877754211425781
m3gnet,wbm-4-13097,Ga2 In2 Sr1,5,-14.781780242919922,False,-14.781780242919922,-2.9563560485839844
m3gnet,wbm-4-13098,Ga4 Os4 Sr2,10,-61.10093688964844,False,-61.10093688964844,-6.110093688964843
m3gnet,wbm-4-13099,Ga2 Os3 Sr1,6,-41.48147201538086,False,-41.48147201538086,-6.9135786692301435
m3gnet,wbm-4-13100,Ga4 Os2 Sr2,8,-40.52281951904297,False,-40.52281951904297,-5.065352439880371
m3gnet,wbm-4-13101,Ga4 Pt4 Sr2,10,-48.15242004394531,False,-48.15242004394531,-4.815242004394531
m3gnet,wbm-4-13102,Ga4 Sr2,6,-18.496980667114258,False,-18.496980667114258,-3.0828301111857095
m3gnet,wbm-4-13103,Ga4 Ir2 Ta2,8,-57.025596618652344,False,-57.025596618652344,-7.128199577331543
m3gnet,wbm-4-13104,Au3 Ga2 Tb1,6,-23.723955154418945,False,-23.723955154418945,-3.9539925257364907
m3gnet,wbm-4-13105,Er1 Ga2 Tb1,4,-17.850446701049805,False,-17.850446701049805,-4.462611675262451
m3gnet,wbm-4-13106,Ga2 Ho1 Tb1,4,-17.814064025878906,False,-17.814064025878906,-4.453516006469727
m3gnet,wbm-4-13107,Ga4 Ir4 Tb2,10,-64.18396759033203,False,-64.18396759033203,-6.418396759033203
m3gnet,wbm-4-13108,Ga4 Ir2 Tb2,8,-45.25025939941406,False,-45.25025939941406,-5.656282424926758
m3gnet,wbm-4-13109,Ga2 Lu1 Tb1,4,-17.727008819580078,False,-17.727008819580078,-4.4317522048950195
m3gnet,wbm-4-13110,Ga2 Os3 Tb1,6,-45.66973876953125,False,-45.66973876953125,-7.611623128255208
m3gnet,wbm-4-13111,Ga2 Tb1 Tm1,4,-17.7123966217041,False,-17.7123966217041,-4.428099155426025
m3gnet,wbm-4-13112,Ga2 Tb1 Yb1,4,-14.548881530761719,False,-14.548881530761719,-3.6372203826904297
m3gnet,wbm-4-13113,Ga4 Ir4 Tm2,10,-63.925086975097656,False,-63.925086975097656,-6.392508697509766
m3gnet,wbm-4-13114,Ga4 Ir2 Tm2,8,-44.95537185668945,False,-44.95537185668945,-5.619421482086182
m3gnet,wbm-4-13115,Ga2 Tm1 Yb1,4,-14.319674491882324,False,-14.319674491882324,-3.579918622970581
m3gnet,wbm-4-13116,Au3 Ga2 Y1,6,-25.47597885131836,False,-25.47597885131836,-4.245996475219727
m3gnet,wbm-4-13117,Ga2 Ir1 Yb6,9,-27.94413185119629,False,-27.94413185119629,-3.10490353902181
m3gnet,wbm-4-13118,Ga2 Os1 Yb6,9,-28.237815856933594,False,-28.237815856933594,-3.1375350952148438
m3gnet,wbm-4-13119,Ga2 Pt1 Yb6,9,-26.336746215820312,False,-26.336746215820312,-2.926305135091146
m3gnet,wbm-4-13120,Ga2 Hg1 Yb1,4,-9.33057975769043,False,-9.33057975769043,-2.3326449394226074
m3gnet,wbm-4-13121,Ga4 Ir4 Yb2,10,-57.55081558227539,False,-57.55081558227539,-5.755081558227539
m3gnet,wbm-4-13122,Ga2 Lu1 Yb1,4,-14.23837661743164,False,-14.23837661743164,-3.55959415435791
m3gnet,wbm-4-13123,Ga4 Os4 Yb2,10,-61.71347427368164,False,-61.71347427368164,-6.171347427368164
m3gnet,wbm-4-13124,Ga2 Os3 Yb1,6,-41.967613220214844,False,-41.967613220214844,-6.994602203369141
m3gnet,wbm-4-13125,Ga2 Pb1 Yb1,4,-12.75922679901123,False,-12.75922679901123,-3.1898066997528076
m3gnet,wbm-4-13126,Ga2 Th1 Yb1,4,-16.982120513916016,False,-16.982120513916016,-4.245530128479004
m3gnet,wbm-4-13127,Ga2 Tl1 Yb1,4,-11.152438163757324,False,-11.152438163757324,-2.788109540939331
m3gnet,wbm-4-13128,Ce1 Ga2 Y1,4,-20.761503219604492,False,-20.761503219604492,-5.190375804901123
m3gnet,wbm-4-13129,Dy1 Ga2 Y1,4,-19.775163650512695,False,-19.775163650512695,-4.943790912628174
m3gnet,wbm-4-13130,Ga2 Ho1 Y1,4,-19.738550186157227,False,-19.738550186157227,-4.934637546539307
m3gnet,wbm-4-13131,Ga4 Ir4 Y2,10,-67.85967254638672,False,-67.85967254638672,-6.785967254638672
m3gnet,wbm-4-13132,Ga2 La1 Y1,4,-19.964542388916016,False,-19.964542388916016,-4.991135597229004
m3gnet,wbm-4-13133,Ga2 Nd1 Y1,4,-19.841503143310547,False,-19.841503143310547,-4.960375785827637
m3gnet,wbm-4-13134,Ga2 Os3 Y1,6,-47.477603912353516,False,-47.477603912353516,-7.912933985392253
m3gnet,wbm-4-13135,Ga2 Pd3 Y1,6,-32.790611267089844,False,-32.790611267089844,-5.465101877848308
m3gnet,wbm-4-13136,Ga2 Pm1 Y1,4,-19.722692489624023,False,-19.722692489624023,-4.930673122406006
m3gnet,wbm-4-13137,Ga2 Pr1 Y1,4,-19.786293029785156,False,-19.786293029785156,-4.946573257446289
m3gnet,wbm-4-13138,Ga4 Ru4 Y2,10,-66.8115463256836,False,-66.8115463256836,-6.68115463256836
m3gnet,wbm-4-13139,Ga2 Ru3 Y1,6,-42.79490280151367,False,-42.79490280151367,-7.132483800252278
m3gnet,wbm-4-13140,Ga2 Tb1 Y1,4,-19.75398826599121,False,-19.75398826599121,-4.938497066497803
m3gnet,wbm-4-13141,Ga2 Tm1 Y1,4,-19.632312774658203,False,-19.632312774658203,-4.908078193664551
m3gnet,wbm-4-13142,Ce1 Ga2 Zr1,4,-22.540376663208008,False,-22.540376663208008,-5.635094165802002
m3gnet,wbm-4-13143,Ga2 Ir3 Zr1,6,-44.42552947998047,False,-44.42552947998047,-7.404254913330078
m3gnet,wbm-4-13144,Ga2 Pd3 Zr1,6,-33.941036224365234,False,-33.941036224365234,-5.656839370727539
m3gnet,wbm-4-13145,Ga2 Pm1 Zr1,4,-21.252695083618164,False,-21.252695083618164,-5.313173770904541
m3gnet,wbm-4-13146,Ga4 Pt4 Zr2,10,-61.39127731323242,False,-61.39127731323242,-6.139127731323242
m3gnet,wbm-4-13147,Ga4 Rh4 Zr2,10,-65.84744262695312,False,-65.84744262695312,-6.584744262695312
m3gnet,wbm-4-13148,Ga2 Rh3 Zr1,6,-40.97572326660156,False,-40.97572326660156,-6.829287211100261
m3gnet,wbm-4-13149,Ag1 Ba1 Ga3,5,-15.696117401123047,False,-15.696117401123047,-3.1392234802246093
m3gnet,wbm-4-13150,Au2 Ga6 Pu4,12,-80.07698059082031,False,-80.07698059082031,-6.673081715901692
m3gnet,wbm-4-13151,Au2 Ga6 U4,12,-71.97949981689453,False,-71.97949981689453,-5.998291651407878
m3gnet,wbm-4-13152,Ba2 Ga3 Ir2,7,-34.32880401611328,False,-34.32880401611328,-4.904114859444754
m3gnet,wbm-4-13153,Ba4 Ga6 Ir2,12,-48.86756134033203,False,-48.86756134033203,-4.072296778361003
m3gnet,wbm-4-13154,Ba4 Ga6 Os2,12,-51.84421920776367,False,-51.84421920776367,-4.320351600646973
m3gnet,wbm-4-13155,Ba4 Ga6 Pt2,12,-45.79790496826172,False,-45.79790496826172,-3.8164920806884766
m3gnet,wbm-4-13156,Ba1 Cd1 Ga3,5,-13.933720588684082,False,-13.933720588684082,-2.7867441177368164
m3gnet,wbm-4-13157,Cd1 Eu1 Ga3,5,-22.14239501953125,False,-22.14239501953125,-4.42847900390625
m3gnet,wbm-4-13158,Cd1 Ga3 La1,5,-17.31351661682129,False,-17.31351661682129,-3.462703323364258
m3gnet,wbm-4-13159,Au2 Ce4 Ga6,12,-55.45734405517578,False,-55.45734405517578,-4.621445337931315
m3gnet,wbm-4-13160,Ce2 Ga3 Ir2,7,-43.987606048583984,False,-43.987606048583984,-6.283943721226284
m3gnet,wbm-4-13161,Ce2 Ga6 Ir4,12,-73.66471099853516,False,-73.66471099853516,-6.138725916544597
m3gnet,wbm-4-13162,Dy2 Ga3 Ir2,7,-41.70519256591797,False,-41.70519256591797,-5.957884652273996
m3gnet,wbm-4-13163,Dy4 Ga6 Pt2,12,-59.50600814819336,False,-59.50600814819336,-4.958834012349446
m3gnet,wbm-4-13164,Dy4 Ga6 Re2,12,-67.2290267944336,False,-67.2290267944336,-5.602418899536133
m3gnet,wbm-4-13165,Dy3 Ga3 Ir2,8,-47.269012451171875,False,-47.269012451171875,-5.908626556396484
m3gnet,wbm-4-13166,Dy3 Ga3 Pt2,8,-43.142433166503906,False,-43.142433166503906,-5.392804145812988
m3gnet,wbm-4-13167,Dy2 Ga6 Ir4,12,-71.35548400878906,False,-71.35548400878906,-5.946290334065755
m3gnet,wbm-4-13168,Er2 Ga3 Ir2,7,-41.640647888183594,False,-41.640647888183594,-5.948663984026227
m3gnet,wbm-4-13169,Er4 Ga6 Re2,12,-66.89404296875,False,-66.89404296875,-5.574503580729167
m3gnet,wbm-4-13170,Er3 Ga3 Ir2,8,-47.23210906982422,False,-47.23210906982422,-5.904013633728027
m3gnet,wbm-4-13171,Er3 Ga3 Pt2,8,-42.99024963378906,False,-42.99024963378906,-5.373781204223633
m3gnet,wbm-4-13172,Er2 Ga6 Ir4,12,-71.17919158935547,False,-71.17919158935547,-5.931599299112956
m3gnet,wbm-4-13173,Au2 Ga3 Gd2,7,-48.70692443847656,False,-48.70692443847656,-6.958132062639509
m3gnet,wbm-4-13174,Ga3 Gd2 Ir2,7,-60.16871643066406,False,-60.16871643066406,-8.595530918666295
m3gnet,wbm-4-13175,Ga3 Gd2 Os2,7,-62.77455139160156,False,-62.77455139160156,-8.96779305594308
m3gnet,wbm-4-13176,Ga3 Gd2 Pt2,7,-56.08399200439453,False,-56.08399200439453,-8.011998857770648
m3gnet,wbm-4-13177,Ga6 Gd2 Ir4,12,-89.84895324707031,False,-89.84895324707031,-7.487412770589192
m3gnet,wbm-4-13178,Au1 Ga3 Ge2 Pu3,9,-64.1592788696289,False,-64.1592788696289,-7.128808763292101
m3gnet,wbm-4-13179,Ba3 Ga3 Ge2 Pt1,9,-35.45654296875,False,-35.45654296875,-3.9396158854166665
m3gnet,wbm-4-13180,Cd1 Ga3 Ge2 Pu3,9,-61.6348876953125,False,-61.6348876953125,-6.848320855034722
m3gnet,wbm-4-13181,Au1 Ce3 Ga3 Ge2,9,-45.4791259765625,False,-45.4791259765625,-5.053236219618055
m3gnet,wbm-4-13182,Ce3 Ga3 Ge2 Os1,9,-52.998130798339844,False,-52.998130798339844,-5.888681199815538
m3gnet,wbm-4-13183,Au1 Dy3 Ga3 Ge2,9,-42.100120544433594,False,-42.100120544433594,-4.677791171603733
m3gnet,wbm-4-13184,Dy3 Ga3 Ge2 Ir1,9,-48.12788772583008,False,-48.12788772583008,-5.347543080647786
m3gnet,wbm-4-13185,Dy3 Ga3 Ge2 Os1,9,-49.55831527709961,False,-49.55831527709961,-5.50647947523329
m3gnet,wbm-4-13186,Au1 Er3 Ga3 Ge2,9,-41.8251838684082,False,-41.8251838684082,-4.647242652045356
m3gnet,wbm-4-13187,Er3 Ga3 Ge2 Ir1,9,-47.94178771972656,False,-47.94178771972656,-5.32686530219184
m3gnet,wbm-4-13188,Er3 Ga3 Ge2 Os1,9,-49.401145935058594,False,-49.401145935058594,-5.489016215006511
m3gnet,wbm-4-13189,Au1 Eu3 Ga3 Ge2,9,-58.058921813964844,False,-58.058921813964844,-6.450991312662761
m3gnet,wbm-4-13190,Eu3 Ga3 Ge2 Ir1,9,-63.93720626831055,False,-63.93720626831055,-7.104134029812283
m3gnet,wbm-4-13191,Eu3 Ga3 Ge2 Os1,9,-65.16324615478516,False,-65.16324615478516,-7.240360683865017
m3gnet,wbm-4-13192,Au1 Ga3 Gd3 Ge2,9,-70.34111022949219,False,-70.34111022949219,-7.8156789143880205
m3gnet,wbm-4-13193,Ga3 Gd3 Ge2 Ir1,9,-76.15414428710938,False,-76.15414428710938,-8.461571587456596
m3gnet,wbm-4-13194,Ga3 Ge2 Hf3 Pt1,9,-59.99823760986328,False,-59.99823760986328,-6.666470845540364
m3gnet,wbm-4-13195,Au1 Ga3 Ge2 Ho3,9,-41.992618560791016,False,-41.992618560791016,-4.665846506754558
m3gnet,wbm-4-13196,Ga3 Ge2 Ho3 Ir1,9,-48.05066680908203,False,-48.05066680908203,-5.338962978786892
m3gnet,wbm-4-13197,Ga3 Ge2 Ho3 Os1,9,-49.47666931152344,False,-49.47666931152344,-5.497407701280382
m3gnet,wbm-4-13198,Ga3 Ge2 In3 Pt1,9,-33.59017562866211,False,-33.59017562866211,-3.732241736518012
m3gnet,wbm-4-13199,Ga3 Ge2 Ir1 Pu3,9,-70.66600799560547,False,-70.66600799560547,-7.851778666178386
m3gnet,wbm-4-13200,Ga3 Ge2 Ir1 Th3,9,-56.03461456298828,False,-56.03461456298828,-6.226068284776476
m3gnet,wbm-4-13201,Ga3 Ge2 Ir1 U3,9,-63.95726013183594,False,-63.95726013183594,-7.10636223687066
m3gnet,wbm-4-13202,Ga3 Ge2 Ir1 La3,9,-49.09669494628906,False,-49.09669494628906,-5.455188327365452
m3gnet,wbm-4-13203,Ga3 Ge2 La3 Os1,9,-50.412353515625,False,-50.412353515625,-5.601372612847222
m3gnet,wbm-4-13204,Au1 Ga3 Ge2 Lu3,9,-41.3774528503418,False,-41.3774528503418,-4.597494761149089
m3gnet,wbm-4-13205,Ga3 Ge2 Nb3 Pd1,9,-57.805904388427734,False,-57.805904388427734,-6.422878265380859
m3gnet,wbm-4-13206,Ga3 Ge2 Nb3 Pt1,9,-58.95545959472656,False,-58.95545959472656,-6.550606621636285
m3gnet,wbm-4-13207,Ga3 Ge2 Ir1 Nd3,9,-48.387359619140625,False,-48.387359619140625,-5.376373291015625
m3gnet,wbm-4-13208,Ga3 Ge2 Nd3 Os1,9,-49.84010314941406,False,-49.84010314941406,-5.537789238823785
m3gnet,wbm-4-13209,Ga3 Ge2 Os1 Pu3,9,-72.09770202636719,False,-72.09770202636719,-8.010855780707466
m3gnet,wbm-4-13210,Ga3 Ge2 Os1 Th3,9,-57.44829177856445,False,-57.44829177856445,-6.383143530951606
m3gnet,wbm-4-13211,Ga3 Ge2 Os1 U3,9,-65.58122253417969,False,-65.58122253417969,-7.286802503797743
m3gnet,wbm-4-13212,Ba3 Ga3 Ge2 Pd1,9,-34.09498596191406,False,-34.09498596191406,-3.788331773546007
m3gnet,wbm-4-13213,Ga3 Ge2 Hf3 Pd1,9,-58.68614196777344,False,-58.68614196777344,-6.520682440863715
m3gnet,wbm-4-13214,Ga3 Ge2 In3 Pd1,9,-32.364933013916016,False,-32.364933013916016,-3.5961036682128906
m3gnet,wbm-4-13215,Ga3 Ge2 Np3 Pd1,9,-63.562400817871094,False,-63.562400817871094,-7.0624889797634545
m3gnet,wbm-4-13216,Ga3 Ge2 Pd1 Ta3,9,-62.298465728759766,False,-62.298465728759766,-6.922051747639974
m3gnet,wbm-4-13217,Ga3 Ge2 Ir1 Pr3,9,-48.43836212158203,False,-48.43836212158203,-5.382040235731337
m3gnet,wbm-4-13218,Ga3 Ge2 Os1 Pr3,9,-49.87001037597656,False,-49.87001037597656,-5.5411122639973955
m3gnet,wbm-4-13219,Ga3 Ge2 Pr3 Pt1,9,-46.42707824707031,False,-46.42707824707031,-5.1585642496744795
m3gnet,wbm-4-13220,Ga3 Ge2 Np3 Pt1,9,-64.71798706054688,False,-64.71798706054688,-7.190887451171875
m3gnet,wbm-4-13221,Ga3 Ge2 Pt1 Th3,9,-53.754302978515625,False,-53.754302978515625,-5.97270033094618
m3gnet,wbm-4-13222,Ga3 Ge2 Pt1 U3,9,-61.636932373046875,False,-61.636932373046875,-6.848548041449653
m3gnet,wbm-4-13223,Ba3 Ga3 Ge2 Rh1,9,-36.204254150390625,False,-36.204254150390625,-4.022694905598958
m3gnet,wbm-4-13224,Ga3 Ge2 Hf3 Rh1,9,-60.81446075439453,False,-60.81446075439453,-6.757162306043837
m3gnet,wbm-4-13225,Ga3 Ge2 In3 Rh1,9,-34.62206268310547,False,-34.62206268310547,-3.8468958536783853
m3gnet,wbm-4-13226,Ga3 Ge2 Np3 Rh1,9,-65.5466537475586,False,-65.5466537475586,-7.282961527506511
m3gnet,wbm-4-13227,Ga3 Ge2 Rh1 Ta3,9,-64.42195129394531,False,-64.42195129394531,-7.1579945882161455
m3gnet,wbm-4-13228,Ce3 Ga3 Ge2 Ru1,9,-51.438720703125,False,-51.438720703125,-5.715413411458333
m3gnet,wbm-4-13229,Dy3 Ga3 Ge2 Ru1,9,-47.98019027709961,False,-47.98019027709961,-5.331132253011067
m3gnet,wbm-4-13230,Er3 Ga3 Ge2 Ru1,9,-47.77410125732422,False,-47.77410125732422,-5.308233473036024
m3gnet,wbm-4-13231,Eu3 Ga3 Ge2 Ru1,9,-63.86133575439453,False,-63.86133575439453,-7.095703972710504
m3gnet,wbm-4-13232,Ga3 Gd3 Ge2 Ru1,9,-75.93573760986328,False,-75.93573760986328,-8.437304178873697
m3gnet,wbm-4-13233,Ga3 Ge2 Ho3 Ru1,9,-47.89341354370117,False,-47.89341354370117,-5.3214903937445746
m3gnet,wbm-4-13234,Ga3 Ge2 La3 Ru1,9,-48.91371154785156,False,-48.91371154785156,-5.434856838650173
m3gnet,wbm-4-13235,Ga3 Ge2 Lu3 Ru1,9,-47.4456672668457,False,-47.4456672668457,-5.2717408074273004
m3gnet,wbm-4-13236,Ga3 Ge2 Nd3 Ru1,9,-48.25181579589844,False,-48.25181579589844,-5.3613128662109375
m3gnet,wbm-4-13237,Ga3 Ge2 Pr3 Ru1,9,-48.29413604736328,False,-48.29413604736328,-5.366015116373698
m3gnet,wbm-4-13238,Ga3 Ge2 Pu3 Ru1,9,-70.63558959960938,False,-70.63558959960938,-7.848398844401042
m3gnet,wbm-4-13239,Ga3 Ge2 Ru1 Sm3,9,-48.13529586791992,False,-48.13529586791992,-5.348366207546658
m3gnet,wbm-4-13240,Ga3 Ge2 Ru1 Tb3,9,-48.023929595947266,False,-48.023929595947266,-5.335992177327474
m3gnet,wbm-4-13241,Ga3 Ge2 Ru1 Th3,9,-56.03861999511719,False,-56.03861999511719,-6.226513332790798
m3gnet,wbm-4-13242,Ga3 Ge2 Ru1 Tm3,9,-47.543914794921875,False,-47.543914794921875,-5.282657199435764
m3gnet,wbm-4-13243,Ga3 Ge2 Ru1 U3,9,-64.0523910522461,False,-64.0523910522461,-7.1169323391384545
m3gnet,wbm-4-13244,Ga3 Ge2 Ru1 Yb3,9,-37.71355438232422,False,-37.71355438232422,-4.190394931369358
m3gnet,wbm-4-13245,Au1 Ga3 Ge2 Sm3,9,-42.444820404052734,False,-42.444820404052734,-4.716091156005859
m3gnet,wbm-4-13246,Ga3 Ge2 Ir1 Sm3,9,-48.27568435668945,False,-48.27568435668945,-5.3639649285210504
m3gnet,wbm-4-13247,Ga3 Ge2 Os1 Sm3,9,-49.73286437988281,False,-49.73286437988281,-5.5258738199869795
m3gnet,wbm-4-13248,Ga3 Ge2 Pd1 Sr3,9,-33.950340270996094,False,-33.950340270996094,-3.7722600301106772
m3gnet,wbm-4-13249,Ga3 Ge2 Pt1 Sr3,9,-35.29518127441406,False,-35.29518127441406,-3.921686808268229
m3gnet,wbm-4-13250,Ga3 Ge2 Rh1 Sr3,9,-35.94225311279297,False,-35.94225311279297,-3.9935836791992188
m3gnet,wbm-4-13251,Ga3 Ge2 Pt1 Ta3,9,-63.54719161987305,False,-63.54719161987305,-7.060799068874783
m3gnet,wbm-4-13252,Au1 Ga3 Ge2 Tb3,9,-42.21365737915039,False,-42.21365737915039,-4.690406375461155
m3gnet,wbm-4-13253,Ga3 Ge2 Ir1 Tb3,9,-48.20842742919922,False,-48.20842742919922,-5.356491936577691
m3gnet,wbm-4-13254,Ga3 Ge2 Os1 Tb3,9,-49.65452575683594,False,-49.65452575683594,-5.517169528537327
m3gnet,wbm-4-13255,Au1 Ga3 Ge2 Tm3,9,-41.55878448486328,False,-41.55878448486328,-4.617642720540364
m3gnet,wbm-4-13256,Ga3 Ge2 Ir1 Tm3,9,-47.67267990112305,False,-47.67267990112305,-5.2969644334581165
m3gnet,wbm-4-13257,Ga3 Ge2 Os1 Tm3,9,-49.09248352050781,False,-49.09248352050781,-5.454720391167535
m3gnet,wbm-4-13258,Ag1 Ga3 Ge2 Y3,9,-46.62922668457031,False,-46.62922668457031,-5.1810251871744795
m3gnet,wbm-4-13259,Ga3 Ge2 Re1 Y3,9,-55.53090286254883,False,-55.53090286254883,-6.170100318060981
m3gnet,wbm-4-13260,Au1 Ga3 Ge2 Yb3,9,-32.05323791503906,False,-32.05323791503906,-3.561470879448785
m3gnet,wbm-4-13261,Ga3 Ge2 Ir1 Yb3,9,-37.92646026611328,False,-37.92646026611328,-4.214051140679254
m3gnet,wbm-4-13262,Ga3 Ge2 Os1 Yb3,9,-39.03969955444336,False,-39.03969955444336,-4.337744394938151
m3gnet,wbm-4-13263,Ga3 Ge2 Ir1 Zr3,9,-59.24524688720703,False,-59.24524688720703,-6.5828052096896705
m3gnet,wbm-4-13264,Ga3 Ge2 Os1 Zr3,9,-60.842674255371094,False,-60.842674255371094,-6.760297139485677
m3gnet,wbm-4-13265,Ga3 Ge2 Pt1 Zr3,9,-56.839778900146484,False,-56.839778900146484,-6.315530988905165
m3gnet,wbm-4-13266,Ga3 Ge2 Ru1 Zr3,9,-59.25532531738281,False,-59.25532531738281,-6.583925035264757
m3gnet,wbm-4-13267,Ga3 Ho2 Ir2,7,-41.681663513183594,False,-41.681663513183594,-5.954523359026227
m3gnet,wbm-4-13268,Ga6 Ho4 Re2,12,-67.14400482177734,False,-67.14400482177734,-5.595333735148112
m3gnet,wbm-4-13269,Ga3 Ho3 Ir2,8,-47.24900436401367,False,-47.24900436401367,-5.906125545501709
m3gnet,wbm-4-13270,Ga3 Ho3 Pt2,8,-43.10615539550781,False,-43.10615539550781,-5.388269424438477
m3gnet,wbm-4-13271,Ga6 Ho2 Ir4,12,-71.29782104492188,False,-71.29782104492188,-5.941485087076823
m3gnet,wbm-4-13272,Ga6 In4 Pt2,12,-43.204978942871094,False,-43.204978942871094,-3.6004149119059243
m3gnet,wbm-4-13273,Ga6 Ir4 Np2,12,-84.97444915771484,False,-84.97444915771484,-7.081204096476237
m3gnet,wbm-4-13274,Ga6 Ir4 Pu2,12,-86.46295166015625,False,-86.46295166015625,-7.2052459716796875
m3gnet,wbm-4-13275,Ga3 Ir2 Th2,7,-47.20881652832031,False,-47.20881652832031,-6.744116646902902
m3gnet,wbm-4-13276,Ga6 Ir4 Th2,12,-76.86805725097656,False,-76.86805725097656,-6.40567143758138
m3gnet,wbm-4-13277,Ga3 Ir2 U2,7,-52.679019927978516,False,-52.679019927978516,-7.525574275425503
m3gnet,wbm-4-13278,Ga6 Ir4 U2,12,-82.2490463256836,False,-82.2490463256836,-6.854087193806966
m3gnet,wbm-4-13279,Ga6 Ir2 Np4,12,-90.4408950805664,False,-90.4408950805664,-7.536741256713867
m3gnet,wbm-4-13280,Ga3 Ir2 La2,7,-42.020809173583984,False,-42.020809173583984,-6.002972739083426
m3gnet,wbm-4-13281,Ga6 Ir4 La2,12,-72.28175354003906,False,-72.28175354003906,-6.023479461669922
m3gnet,wbm-4-13282,Ga3 Ir2 Lu2,7,-41.59562683105469,False,-41.59562683105469,-5.942232404436384
m3gnet,wbm-4-13283,Au2 Ga3 Lu3,8,-35.11018753051758,False,-35.11018753051758,-4.388773441314697
m3gnet,wbm-4-13284,Ga3 Lu3 Pt2,8,-42.741451263427734,False,-42.741451263427734,-5.342681407928467
m3gnet,wbm-4-13285,Ga6 Ir4 Lu2,12,-71.0206298828125,False,-71.0206298828125,-5.918385823567708
m3gnet,wbm-4-13286,Au2 Ga6 Nb4,12,-68.20199584960938,False,-68.20199584960938,-5.683499654134114
m3gnet,wbm-4-13287,Ga3 Ir2 Nd2,7,-41.54327392578125,False,-41.54327392578125,-5.93475341796875
m3gnet,wbm-4-13288,Ga6 Ir4 Nd2,12,-71.5746078491211,False,-71.5746078491211,-5.964550654093425
m3gnet,wbm-4-13289,Ga3 Os2 Th3,8,-58.22177505493164,False,-58.22177505493164,-7.277721881866455
m3gnet,wbm-4-13290,Ga6 Np4 Os2,12,-93.26932525634766,False,-93.26932525634766,-7.772443771362305
m3gnet,wbm-4-13291,Er3 Ga3 Pd2,8,-39.837059020996094,False,-39.837059020996094,-4.979632377624512
m3gnet,wbm-4-13292,Ga3 Lu3 Pd2,8,-39.6667366027832,False,-39.6667366027832,-4.9583420753479
m3gnet,wbm-4-13293,Ga3 Pd2 Tm3,8,-39.56007385253906,False,-39.56007385253906,-4.945009231567383
m3gnet,wbm-4-13294,Ga3 Pd2 Yb2,7,-27.950151443481445,False,-27.950151443481445,-3.9928787776402066
m3gnet,wbm-4-13295,Ga6 Pd4 Yb2,12,-50.59368896484375,False,-50.59368896484375,-4.2161407470703125
m3gnet,wbm-4-13296,Ba4 Ga6 Pd2,12,-42.67403030395508,False,-42.67403030395508,-3.5561691919962564
m3gnet,wbm-4-13297,Dy4 Ga6 Pd2,12,-56.38387680053711,False,-56.38387680053711,-4.698656400044759
m3gnet,wbm-4-13298,Ga6 In4 Pd2,12,-41.15607452392578,False,-41.15607452392578,-3.429672876993815
m3gnet,wbm-4-13299,Ga6 Np4 Pd2,12,-82.4217529296875,False,-82.4217529296875,-6.868479410807292
m3gnet,wbm-4-13300,Ga6 Pd2 Pr4,12,-56.500877380371094,False,-56.500877380371094,-4.708406448364258
m3gnet,wbm-4-13301,Ga6 Pd2 Sm4,12,-56.43952941894531,False,-56.43952941894531,-4.703294118245442
m3gnet,wbm-4-13302,Dy3 Ga3 Pd1 Sn2,9,-42.935646057128906,False,-42.935646057128906,-4.770627339680989
m3gnet,wbm-4-13303,Er3 Ga3 Pd1 Sn2,9,-42.6710205078125,False,-42.6710205078125,-4.741224500868055
m3gnet,wbm-4-13304,Ga3 Gd3 Pd1 Sn2,9,-71.42769622802734,False,-71.42769622802734,-7.936410692003038
m3gnet,wbm-4-13305,Ga3 Ho3 Pd1 Sn2,9,-42.79229736328125,False,-42.79229736328125,-4.75469970703125
m3gnet,wbm-4-13306,Ga3 Lu3 Pd1 Sn2,9,-42.143375396728516,False,-42.143375396728516,-4.682597266303168
m3gnet,wbm-4-13307,Ga3 Pd1 Pu3 Sn2,9,-67.68856811523438,False,-67.68856811523438,-7.52095201280382
m3gnet,wbm-4-13308,Ga3 Pd1 Sn2 Tb3,9,-43.096561431884766,False,-43.096561431884766,-4.788506825764974
m3gnet,wbm-4-13309,Ga3 Pd1 Sn2 Tm3,9,-42.207557678222656,False,-42.207557678222656,-4.689728630913629
m3gnet,wbm-4-13310,Ga3 Pd1 Sn2 Yb3,9,-33.13602828979492,False,-33.13602828979492,-3.6817809210883246
m3gnet,wbm-4-13311,Ga6 Pd2 Ta4,12,-80.5024642944336,False,-80.5024642944336,-6.7085386912028
m3gnet,wbm-4-13312,Ga6 Pd2 U4,12,-77.38639068603516,False,-77.38639068603516,-6.44886589050293
m3gnet,wbm-4-13313,Ga3 Pd1 Yb1,5,-19.042339324951172,False,-19.042339324951172,-3.8084678649902344
m3gnet,wbm-4-13314,Ga3 Ir2 Pr2,7,-41.506675720214844,False,-41.506675720214844,-5.929525102887835
m3gnet,wbm-4-13315,Ga6 Pr4 Pt2,12,-59.33954620361328,False,-59.33954620361328,-4.94496218363444
m3gnet,wbm-4-13316,Ga6 Ir4 Pr2,12,-71.59619903564453,False,-71.59619903564453,-5.966349919637044
m3gnet,wbm-4-13317,Ga6 Np4 Pt2,12,-85.0658950805664,False,-85.0658950805664,-7.0888245900472
m3gnet,wbm-4-13318,Ga6 Pu4 Re2,12,-97.00399017333984,False,-97.00399017333984,-8.08366584777832
m3gnet,wbm-4-13319,Ga6 Re2 Th4,12,-77.69801330566406,False,-77.69801330566406,-6.474834442138672
m3gnet,wbm-4-13320,Ba2 Ga3 Rh2,7,-31.725631713867188,False,-31.725631713867188,-4.532233101981027
m3gnet,wbm-4-13321,Ce2 Ga3 Rh2,7,-41.37582015991211,False,-41.37582015991211,-5.910831451416016
m3gnet,wbm-4-13322,Dy2 Ga3 Rh2,7,-38.96819305419922,False,-38.96819305419922,-5.56688472202846
m3gnet,wbm-4-13323,Er2 Ga3 Rh2,7,-38.9166374206543,False,-38.9166374206543,-5.5595196315220425
m3gnet,wbm-4-13324,Ga3 Gd2 Rh2,7,-57.57316589355469,False,-57.57316589355469,-8.224737984793526
m3gnet,wbm-4-13325,Ga3 Ho2 Rh2,7,-38.946502685546875,False,-38.946502685546875,-5.563786097935268
m3gnet,wbm-4-13326,Ga6 Ho2 Rh4,12,-66.29025268554688,False,-66.29025268554688,-5.524187723795573
m3gnet,wbm-4-13327,Ga3 Nd2 Rh2,7,-38.79147720336914,False,-38.79147720336914,-5.5416396004813055
m3gnet,wbm-4-13328,Ga6 Nd2 Rh4,12,-66.52175903320312,False,-66.52175903320312,-5.543479919433594
m3gnet,wbm-4-13329,Ga3 Np2 Rh2,7,-51.89994812011719,False,-51.89994812011719,-7.414278302873884
m3gnet,wbm-4-13330,Ga3 Pu2 Rh2,7,-53.545814514160156,False,-53.545814514160156,-7.6494020734514505
m3gnet,wbm-4-13331,Ga3 Pu2 Rh2,7,-53.7034912109375,False,-53.7034912109375,-7.671927315848214
m3gnet,wbm-4-13332,Ga3 Rh2 Sm2,7,-38.84937286376953,False,-38.84937286376953,-5.549910409109933
m3gnet,wbm-4-13333,Ga6 Rh4 Sm2,12,-66.46435546875,False,-66.46435546875,-5.5386962890625
m3gnet,wbm-4-13334,Ga3 Rh2 Tb2,7,-38.94438552856445,False,-38.94438552856445,-5.563483646937779
m3gnet,wbm-4-13335,Ga6 Rh4 Tb2,12,-66.42051696777344,False,-66.42051696777344,-5.535043080647786
m3gnet,wbm-4-13336,Ga3 Rh2 Th2,7,-44.37091827392578,False,-44.37091827392578,-6.3387026105608255
m3gnet,wbm-4-13337,Ga3 Rh2 Tm2,7,-38.8015251159668,False,-38.8015251159668,-5.543075016566685
m3gnet,wbm-4-13338,Ga3 Rh2 U2,7,-49.6075325012207,False,-49.6075325012207,-7.086790357317243
m3gnet,wbm-4-13339,Ga3 Rh2 Yb2,7,-32.206905364990234,False,-32.206905364990234,-4.600986480712891
m3gnet,wbm-4-13340,Ba4 Ga6 Rh2,12,-46.203311920166016,False,-46.203311920166016,-3.850275993347168
m3gnet,wbm-4-13341,Ga6 Np4 Rh2,12,-86.74544525146484,False,-86.74544525146484,-7.228787104288737
m3gnet,wbm-4-13342,Ce3 Ga3 Rh1 Sn2,9,-48.743560791015625,False,-48.743560791015625,-5.415951199001736
m3gnet,wbm-4-13343,Dy3 Ga3 Rh1 Sn2,9,-45.077335357666016,False,-45.077335357666016,-5.008592817518446
m3gnet,wbm-4-13344,Er3 Ga3 Rh1 Sn2,9,-44.79990768432617,False,-44.79990768432617,-4.977767520480686
m3gnet,wbm-4-13345,Ga3 Gd3 Rh1 Sn2,9,-73.55975341796875,False,-73.55975341796875,-8.17330593532986
m3gnet,wbm-4-13346,Ga3 Ho3 Rh1 Sn2,9,-44.948726654052734,False,-44.948726654052734,-4.994302961561415
m3gnet,wbm-4-13347,Ga3 Lu3 Rh1 Sn2,9,-44.3248405456543,False,-44.3248405456543,-4.924982282850477
m3gnet,wbm-4-13348,Ga3 Pu3 Rh1 Sn2,9,-70.2604751586914,False,-70.2604751586914,-7.806719462076823
m3gnet,wbm-4-13349,Ga3 Rh1 Sm3 Sn2,9,-45.440895080566406,False,-45.440895080566406,-5.048988342285156
m3gnet,wbm-4-13350,Ga3 Rh1 Sn2 Tb3,9,-45.20549392700195,False,-45.20549392700195,-5.022832658555773
m3gnet,wbm-4-13351,Ga3 Rh1 Sn2 Tm3,9,-44.389434814453125,False,-44.389434814453125,-4.932159423828125
m3gnet,wbm-4-13352,Ga6 Rh2 Ta4,12,-84.45256042480469,False,-84.45256042480469,-7.037713368733724
m3gnet,wbm-4-13353,Dy2 Ga6 Ru4,12,-70.90128326416016,False,-70.90128326416016,-5.908440272013347
m3gnet,wbm-4-13354,Ga3 Gd2 Ru2,7,-59.5898551940918,False,-59.5898551940918,-8.512836456298828
m3gnet,wbm-4-13355,Ga6 Ho2 Ru4,12,-70.85059356689453,False,-70.85059356689453,-5.904216130574544
m3gnet,wbm-4-13356,Ga6 La2 Ru4,12,-71.9131088256836,False,-71.9131088256836,-5.992759068806966
m3gnet,wbm-4-13357,Ga6 Nd2 Ru4,12,-71.15869903564453,False,-71.15869903564453,-5.929891586303711
m3gnet,wbm-4-13358,Ga3 Pd1 Ru2,6,-35.486690521240234,False,-35.486690521240234,-5.914448420206706
m3gnet,wbm-4-13359,Ga6 Pr2 Ru4,12,-71.18209075927734,False,-71.18209075927734,-5.931840896606445
m3gnet,wbm-4-13360,Ga3 Pt1 Ru2,6,-36.26315689086914,False,-36.26315689086914,-6.043859481811523
m3gnet,wbm-4-13361,Ga6 Ru4 Sm2,12,-71.07449340820312,False,-71.07449340820312,-5.922874450683594
m3gnet,wbm-4-13362,Ga6 Ru4 Tb2,12,-70.81584930419922,False,-70.81584930419922,-5.901320775349935
m3gnet,wbm-4-13363,Ga3 Ru2 Th1,6,-38.59170913696289,False,-38.59170913696289,-6.431951522827148
m3gnet,wbm-4-13364,Ga3 Ru2 Yb2,7,-34.169010162353516,False,-34.169010162353516,-4.881287166050503
m3gnet,wbm-4-13365,Ga3 Ir2 Sm2,7,-41.60561752319336,False,-41.60561752319336,-5.94365964617048
m3gnet,wbm-4-13366,Ga6 Pt2 Sm4,12,-59.42384338378906,False,-59.42384338378906,-4.951986948649089
m3gnet,wbm-4-13367,Ga6 Re2 Sm4,12,-67.1610336303711,False,-67.1610336303711,-5.596752802530925
m3gnet,wbm-4-13368,Ga3 Pt2 Sm3,8,-43.08566665649414,False,-43.08566665649414,-5.385708332061768
m3gnet,wbm-4-13369,Ga6 Ir4 Sm2,12,-71.50322723388672,False,-71.50322723388672,-5.95860226949056
m3gnet,wbm-4-13370,Dy3 Ga3 Pt1 Sn2,9,-44.360469818115234,False,-44.360469818115234,-4.928941090901692
m3gnet,wbm-4-13371,Er3 Ga3 Pt1 Sn2,9,-44.060123443603516,False,-44.060123443603516,-4.895569271511501
m3gnet,wbm-4-13372,Ga3 Gd3 Pt1 Sn2,9,-72.89801788330078,False,-72.89801788330078,-8.099779764811197
m3gnet,wbm-4-13373,Ga3 Ho3 Pt1 Sn2,9,-44.21658706665039,False,-44.21658706665039,-4.91295411851671
m3gnet,wbm-4-13374,Ga3 Lu3 Pt1 Sn2,9,-43.50711441040039,False,-43.50711441040039,-4.834123823377821
m3gnet,wbm-4-13375,Ga3 Pt1 Pu3 Sn2,9,-68.727783203125,False,-68.727783203125,-7.636420355902778
m3gnet,wbm-4-13376,Ga3 Pt1 Sn2 Yb3,9,-34.43655776977539,False,-34.43655776977539,-3.8262841966417103
m3gnet,wbm-4-13377,Ga3 Ir2 Sr2,7,-34.22694396972656,False,-34.22694396972656,-4.889563424246652
m3gnet,wbm-4-13378,Ga6 Ir2 Sr4,12,-48.524356842041016,False,-48.524356842041016,-4.043696403503418
m3gnet,wbm-4-13379,Ga6 Os2 Sr4,12,-51.17748260498047,False,-51.17748260498047,-4.264790217081706
m3gnet,wbm-4-13380,Ga6 Pd2 Sr4,12,-42.14225769042969,False,-42.14225769042969,-3.511854807535807
m3gnet,wbm-4-13381,Ga6 Pt2 Sr4,12,-45.112266540527344,False,-45.112266540527344,-3.7593555450439453
m3gnet,wbm-4-13382,Ga3 Rh2 Sr2,7,-31.603103637695312,False,-31.603103637695312,-4.514729091099331
m3gnet,wbm-4-13383,Ga6 Rh2 Sr4,12,-45.97808837890625,False,-45.97808837890625,-3.831507364908854
m3gnet,wbm-4-13384,Au1 Ga3 Sr1,5,-16.686925888061523,False,-16.686925888061523,-3.3373851776123047
m3gnet,wbm-4-13385,Ga6 Sr2,8,-24.91546630859375,False,-24.91546630859375,-3.1144332885742188
m3gnet,wbm-4-13386,Ga6 Ir2 Ta4,12,-87.84677124023438,False,-87.84677124023438,-7.320564270019531
m3gnet,wbm-4-13387,Ga6 Os2 Ta4,12,-91.62686920166016,False,-91.62686920166016,-7.63557243347168
m3gnet,wbm-4-13388,Ga6 Pt2 Ta4,12,-82.72795867919922,False,-82.72795867919922,-6.893996556599935
m3gnet,wbm-4-13389,Ga3 Ir2 Tb2,7,-41.68400955200195,False,-41.68400955200195,-5.954858507428851
m3gnet,wbm-4-13390,Ga6 Re2 Tb4,12,-67.26062774658203,False,-67.26062774658203,-5.605052312215169
m3gnet,wbm-4-13391,Ga3 Ir2 Tb3,8,-47.24477005004883,False,-47.24477005004883,-5.9055962562561035
m3gnet,wbm-4-13392,Ga3 Pt2 Tb3,8,-43.13041687011719,False,-43.13041687011719,-5.391302108764648
m3gnet,wbm-4-13393,Ga6 Ir4 Tb2,12,-71.35250091552734,False,-71.35250091552734,-5.946041742960612
m3gnet,wbm-4-13394,Ga3 Ir2 Tm2,7,-41.502445220947266,False,-41.502445220947266,-5.928920745849609
m3gnet,wbm-4-13395,Ga6 Re2 Tm4,12,-66.63372802734375,False,-66.63372802734375,-5.5528106689453125
m3gnet,wbm-4-13396,Ga3 Ir2 Tm3,8,-46.9730110168457,False,-46.9730110168457,-5.871626377105713
m3gnet,wbm-4-13397,Ga3 Pt2 Tm3,8,-42.809051513671875,False,-42.809051513671875,-5.351131439208984
m3gnet,wbm-4-13398,Ga6 Ir4 Tm2,12,-71.12110900878906,False,-71.12110900878906,-5.926759084065755
m3gnet,wbm-4-13399,Ga3 Ir2 Y2,7,-45.464027404785156,False,-45.464027404785156,-6.4948610578264505
m3gnet,wbm-4-13400,Ga6 Pd2 Y4,12,-63.935184478759766,False,-63.935184478759766,-5.327932039896647
m3gnet,wbm-4-13401,Ga6 Pt2 Y4,12,-67.07408905029297,False,-67.07408905029297,-5.589507420857747
m3gnet,wbm-4-13402,Ga6 Re2 Y4,12,-74.85940551757812,False,-74.85940551757812,-6.238283793131511
m3gnet,wbm-4-13403,Ga3 Rh2 Y2,7,-42.6989860534668,False,-42.6989860534668,-6.099855150495257
m3gnet,wbm-4-13404,Ga3 Ir2 Y3,8,-52.82850646972656,False,-52.82850646972656,-6.60356330871582
m3gnet,wbm-4-13405,Ga3 Pt2 Y3,8,-48.749961853027344,False,-48.749961853027344,-6.093745231628418
m3gnet,wbm-4-13406,Ga3 Ru1 Sn2 Y3,9,-51.990501403808594,False,-51.990501403808594,-5.7767223782009545
m3gnet,wbm-4-13407,Ga3 Ir1 Sn2 Y3,9,-52.198890686035156,False,-52.198890686035156,-5.7998767428927955
m3gnet,wbm-4-13408,Ga3 Os1 Sn2 Y3,9,-53.590885162353516,False,-53.590885162353516,-5.954542795817058
m3gnet,wbm-4-13409,Au2 Ga3 Yb2,7,-23.57680892944336,False,-23.57680892944336,-3.368115561349051
m3gnet,wbm-4-13410,Au2 Ga6 Yb4,12,-38.8590202331543,False,-38.8590202331543,-3.2382516860961914
m3gnet,wbm-4-13411,Ga3 Ir2 Yb2,7,-34.77326965332031,False,-34.77326965332031,-4.967609950474331
m3gnet,wbm-4-13412,Ga3 Ir2 Yb2,7,-34.77335739135742,False,-34.77335739135742,-4.967622484479632
m3gnet,wbm-4-13413,Ga3 Os2 Yb2,7,-37.155452728271484,False,-37.155452728271484,-5.307921818324497
m3gnet,wbm-4-13414,Ga3 Pt2 Yb2,7,-30.731094360351562,False,-30.731094360351562,-4.390156337193081
m3gnet,wbm-4-13415,Ga6 Re2 Yb4,12,-52.77376174926758,False,-52.77376174926758,-4.397813479105632
m3gnet,wbm-4-13416,Ga6 Os4 Yb2,12,-69.86995697021484,False,-69.86995697021484,-5.82249641418457
m3gnet,wbm-4-13417,Ga6 Pt4 Yb2,12,-55.52318572998047,False,-55.52318572998047,-4.626932144165039
m3gnet,wbm-4-13418,Ga6 Ir4 Y2,12,-75.11217498779297,False,-75.11217498779297,-6.259347915649414
m3gnet,wbm-4-13419,Ga6 Ru4 Y2,12,-74.70228576660156,False,-74.70228576660156,-6.22519048055013
m3gnet,wbm-4-13420,Ga6 Re2 Zr4,12,-82.63459777832031,False,-82.63459777832031,-6.886216481526692
m3gnet,wbm-4-13421,Ga3 Rh2 Zr2,7,-46.2862663269043,False,-46.2862663269043,-6.612323760986328
m3gnet,wbm-4-13422,Ga6 Ir4 Zr2,12,-78.67386627197266,False,-78.67386627197266,-6.556155522664388
m3gnet,wbm-4-13423,Au2 Ga8 Pu2,12,-60.35133743286133,False,-60.35133743286133,-5.02927811940511
m3gnet,wbm-4-13424,Au2 Ga8 Th2,12,-50.78620910644531,False,-50.78620910644531,-4.232184092203776
m3gnet,wbm-4-13425,Ce2 Ga8 Ir2,12,-61.08583068847656,False,-61.08583068847656,-5.09048589070638
m3gnet,wbm-4-13426,Au2 Dy2 Ga8,12,-45.60490036010742,False,-45.60490036010742,-3.800408363342285
m3gnet,wbm-4-13427,Dy2 Ga8 Ir2,12,-58.22822570800781,False,-58.22822570800781,-4.852352142333984
m3gnet,wbm-4-13428,Er2 Ga8 Ir2,12,-58.00851821899414,False,-58.00851821899414,-4.834043184916179
m3gnet,wbm-4-13429,Er1 Ga4 Ta2,7,-43.14316177368164,False,-43.14316177368164,-6.163308824811663
m3gnet,wbm-4-13430,Eu3 Ga4 Ir4,11,-85.51277160644531,False,-85.51277160644531,-7.773888327858665
m3gnet,wbm-4-13431,Eu3 Ga4 Pt4,11,-76.40390014648438,False,-76.40390014648438,-6.9458091042258525
m3gnet,wbm-4-13432,Ga8 Gd2 Ir2,12,-77.10717010498047,False,-77.10717010498047,-6.425597508748372
m3gnet,wbm-4-13433,Ga4 Ge2 Pu3,9,-63.47333526611328,False,-63.47333526611328,-7.0525928073459205
m3gnet,wbm-4-13434,Ga4 Ge2 Yb3,9,-31.263715744018555,False,-31.263715744018555,-3.4737461937798395
m3gnet,wbm-4-13435,Ga8 Hf2 Pt2,12,-61.93067932128906,False,-61.93067932128906,-5.160889943440755
m3gnet,wbm-4-13436,Au2 Ga8 Ho2,12,-45.47201919555664,False,-45.47201919555664,-3.7893349329630532
m3gnet,wbm-4-13437,Ga8 Ho2 Ir2,12,-58.14250183105469,False,-58.14250183105469,-4.845208485921224
m3gnet,wbm-4-13438,Ga8 In2 Pt2,12,-45.180824279785156,False,-45.180824279785156,-3.765068689982096
m3gnet,wbm-4-13439,Ga8 Ir2 Pu2,12,-73.91813659667969,False,-73.91813659667969,-6.159844716389974
m3gnet,wbm-4-13440,Ga8 Ir2 Th2,12,-63.71894454956055,False,-63.71894454956055,-5.309912045796712
m3gnet,wbm-4-13441,Ga8 Ir2 U2,12,-69.16397094726562,False,-69.16397094726562,-5.763664245605469
m3gnet,wbm-4-13442,Ga8 La2 Os2,12,-62.08876037597656,False,-62.08876037597656,-5.174063364664714
m3gnet,wbm-4-13443,Ga8 Ir2 Lu2,12,-57.62899398803711,False,-57.62899398803711,-4.802416165669759
m3gnet,wbm-4-13444,Ga8 Nb2 Pt2,12,-61.25263595581055,False,-61.25263595581055,-5.104386329650879
m3gnet,wbm-4-13445,Au2 Ga8 Nd2,12,-46.2564582824707,False,-46.2564582824707,-3.8547048568725586
m3gnet,wbm-4-13446,Au2 Ga8 Nd2,12,-46.25642013549805,False,-46.25642013549805,-3.8547016779581704
m3gnet,wbm-4-13447,Ga8 Ir2 Nd2,12,-58.79758071899414,False,-58.79758071899414,-4.899798393249512
m3gnet,wbm-4-13448,Ga8 Ir2 Nd2,12,-58.79732894897461,False,-58.79732894897461,-4.899777412414551
m3gnet,wbm-4-13449,Ga8 Nd2 Os2,12,-61.634521484375,False,-61.634521484375,-5.136210123697917
m3gnet,wbm-4-13450,Ga8 Os2 Th2,12,-66.5982666015625,False,-66.5982666015625,-5.549855550130208
m3gnet,wbm-4-13451,Eu3 Ga4 Pd4,11,-71.37741088867188,False,-71.37741088867188,-6.488855535333807
m3gnet,wbm-4-13452,Ga8 Nd2 Pd2,12,-51.67208480834961,False,-51.67208480834961,-4.306007067362468
m3gnet,wbm-4-13453,Ga8 Pd2 Pr2,12,-51.80520248413086,False,-51.80520248413086,-4.317100207010905
m3gnet,wbm-4-13454,Au2 Ga8 Pr2,12,-46.40742111206055,False,-46.40742111206055,-3.8672850926717124
m3gnet,wbm-4-13455,Ga8 Ir2 Pr2,12,-58.903934478759766,False,-58.903934478759766,-4.9086612065633135
m3gnet,wbm-4-13456,Ga8 Ir2 Pr2,12,-58.90402603149414,False,-58.90402603149414,-4.908668835957845
m3gnet,wbm-4-13457,Ga8 Np2 Pt2,12,-67.22584533691406,False,-67.22584533691406,-5.602153778076172
m3gnet,wbm-4-13458,Ba3 Ga4 Rh4,11,-53.60039138793945,False,-53.60039138793945,-4.872762853449041
m3gnet,wbm-4-13459,Ga4 Nd3 Rh4,11,-64.5351791381836,False,-64.5351791381836,-5.8668344671076
m3gnet,wbm-4-13460,Ga4 Pr3 Rh4,11,-64.56529235839844,False,-64.56529235839844,-5.869572032581676
m3gnet,wbm-4-13461,Ga4 Rh4 Sm3,11,-64.49808502197266,False,-64.49808502197266,-5.863462274724787
m3gnet,wbm-4-13462,Ga4 Rh4 Tb3,11,-64.54175567626953,False,-64.54175567626953,-5.867432334206321
m3gnet,wbm-4-13463,Ce2 Ga8 Rh2,12,-58.263038635253906,False,-58.263038635253906,-4.855253219604492
m3gnet,wbm-4-13464,Dy2 Ga8 Rh2,12,-55.607242584228516,False,-55.607242584228516,-4.633936882019043
m3gnet,wbm-4-13465,Dy2 Ga8 Rh2,12,-55.607303619384766,False,-55.607303619384766,-4.6339419682820635
m3gnet,wbm-4-13466,Er2 Ga8 Rh2,12,-55.278053283691406,False,-55.278053283691406,-4.606504440307617
m3gnet,wbm-4-13467,Er2 Ga8 Rh2,12,-55.27808380126953,False,-55.27808380126953,-4.606506983439128
m3gnet,wbm-4-13468,Ga8 Gd2 Rh2,12,-74.36161804199219,False,-74.36161804199219,-6.196801503499349
m3gnet,wbm-4-13469,Ga8 Hf2 Rh2,12,-63.982784271240234,False,-63.982784271240234,-5.3318986892700195
m3gnet,wbm-4-13470,Ga8 Ho2 Rh2,12,-55.50107192993164,False,-55.50107192993164,-4.625089327494304
m3gnet,wbm-4-13471,Ga8 Ho2 Rh2,12,-55.500885009765625,False,-55.500885009765625,-4.625073750813802
m3gnet,wbm-4-13472,Ga8 La2 Rh2,12,-56.54532241821289,False,-56.54532241821289,-4.712110201517741
m3gnet,wbm-4-13473,Ga8 Lu2 Rh2,12,-54.89910888671875,False,-54.89910888671875,-4.5749257405598955
m3gnet,wbm-4-13474,Ga8 Lu2 Rh2,12,-54.89912033081055,False,-54.89912033081055,-4.574926694234212
m3gnet,wbm-4-13475,Ga8 Np2 Rh2,12,-69.51130676269531,False,-69.51130676269531,-5.792608896891276
m3gnet,wbm-4-13476,Ga8 Np2 Rh2,12,-68.99076843261719,False,-68.99076843261719,-5.749230702718099
m3gnet,wbm-4-13477,Ga8 Pr2 Rh2,12,-56.19656753540039,False,-56.19656753540039,-4.683047294616699
m3gnet,wbm-4-13478,Ga8 Pr2 Rh2,12,-56.196353912353516,False,-56.196353912353516,-4.683029492696126
m3gnet,wbm-4-13479,Ga8 Pu2 Rh2,12,-70.2787094116211,False,-70.2787094116211,-5.856559117635091
m3gnet,wbm-4-13480,Ga8 Pu2 Rh2,12,-70.00115203857422,False,-70.00115203857422,-5.833429336547852
m3gnet,wbm-4-13481,Ga8 Rh2 Sm2,12,-56.013580322265625,False,-56.013580322265625,-4.667798360188802
m3gnet,wbm-4-13482,Ga8 Rh2 Sm2,12,-56.0135612487793,False,-56.0135612487793,-4.667796770731608
m3gnet,wbm-4-13483,Ga8 Rh2 Tb2,12,-55.74140930175781,False,-55.74140930175781,-4.645117441813151
m3gnet,wbm-4-13484,Ga8 Rh2 Tb2,12,-55.74161148071289,False,-55.74161148071289,-4.645134290059407
m3gnet,wbm-4-13485,Ga8 Rh2 Th2,12,-60.85529327392578,False,-60.85529327392578,-5.071274439493815
m3gnet,wbm-4-13486,Ga8 Rh2 Tm2,12,-55.182525634765625,False,-55.182525634765625,-4.598543802897136
m3gnet,wbm-4-13487,Ga8 Rh2 Tm2,12,-55.182987213134766,False,-55.182987213134766,-4.5985822677612305
m3gnet,wbm-4-13488,Ga8 Rh2 U2,12,-66.34187316894531,False,-66.34187316894531,-5.528489430745442
m3gnet,wbm-4-13489,Ga8 Rh2 Yb2,12,-48.81028366088867,False,-48.81028366088867,-4.06752363840739
m3gnet,wbm-4-13490,Ce3 Ga4 Ru4,11,-72.27680206298828,False,-72.27680206298828,-6.570618369362571
m3gnet,wbm-4-13491,Dy3 Ga4 Ru4,11,-68.704833984375,False,-68.704833984375,-6.245893998579546
m3gnet,wbm-4-13492,Er3 Ga4 Ru4,11,-68.4607162475586,False,-68.4607162475586,-6.223701477050781
m3gnet,wbm-4-13493,Ga4 Ho3 Ru4,11,-68.60868072509766,False,-68.60868072509766,-6.237152793190696
m3gnet,wbm-4-13494,Ga4 La3 Ru4,11,-69.79730224609375,False,-69.79730224609375,-6.345209295099432
m3gnet,wbm-4-13495,Ga4 Nd3 Ru4,11,-68.72380828857422,False,-68.72380828857422,-6.247618935324929
m3gnet,wbm-4-13496,Ga4 Pr3 Ru4,11,-68.70428466796875,False,-68.70428466796875,-6.245844060724432
m3gnet,wbm-4-13497,Ga4 Ru4 Sm3,11,-68.71935272216797,False,-68.71935272216797,-6.247213883833452
m3gnet,wbm-4-13498,Ga4 Ru4 Tb3,11,-68.63404083251953,False,-68.63404083251953,-6.239458257501775
m3gnet,wbm-4-13499,Ga4 Ru4 Th3,11,-77.40186309814453,False,-77.40186309814453,-7.03653300892223
m3gnet,wbm-4-13500,Ga4 Ru4 Tm3,11,-68.27439880371094,False,-68.27439880371094,-6.206763527610085
m3gnet,wbm-4-13501,Ga4 Ru4 U3,11,-85.25746154785156,False,-85.25746154785156,-7.75067832253196
m3gnet,wbm-4-13502,Dy2 Ga8 Ru2,12,-58.102718353271484,False,-58.102718353271484,-4.841893196105957
m3gnet,wbm-4-13503,Ga8 Ho2 Ru2,12,-58.018760681152344,False,-58.018760681152344,-4.834896723429362
m3gnet,wbm-4-13504,Ga8 La2 Ru2,12,-59.189144134521484,False,-59.189144134521484,-4.93242867787679
m3gnet,wbm-4-13505,Ga8 Nd2 Ru2,12,-58.629966735839844,False,-58.629966735839844,-4.885830561319987
m3gnet,wbm-4-13506,Ga8 Nd2 Ru2,12,-58.62993240356445,False,-58.62993240356445,-4.885827700297038
m3gnet,wbm-4-13507,Ga8 Pr2 Ru2,12,-58.73460388183594,False,-58.73460388183594,-4.894550323486328
m3gnet,wbm-4-13508,Ga8 Pu2 Ru2,12,-73.87133026123047,False,-73.87133026123047,-6.155944188435872
m3gnet,wbm-4-13509,Ga8 Ru2 Sm2,12,-58.49260711669922,False,-58.49260711669922,-4.874383926391602
m3gnet,wbm-4-13510,Ga8 Ru2 Tb2,12,-58.208316802978516,False,-58.208316802978516,-4.850693066914876
m3gnet,wbm-4-13511,Ga8 Ru2 Th2,12,-63.68428039550781,False,-63.68428039550781,-5.307023366292317
m3gnet,wbm-4-13512,Ga8 Ru2 Yb2,12,-51.26818084716797,False,-51.26818084716797,-4.272348403930664
m3gnet,wbm-4-13513,Au2 Ga8 Sm2,12,-46.10201644897461,False,-46.10201644897461,-3.8418347040812173
m3gnet,wbm-4-13514,Ga8 Ir2 Sm2,12,-58.63447952270508,False,-58.63447952270508,-4.88620662689209
m3gnet,wbm-4-13515,Ga8 Ir2 Sm2,12,-58.6340446472168,False,-58.6340446472168,-4.886170387268066
m3gnet,wbm-4-13516,Ga8 Pt2 Sm2,12,-54.164756774902344,False,-54.164756774902344,-4.513729731241862
m3gnet,wbm-4-13517,Ga4 Os4 Sr3,11,-64.10091400146484,False,-64.10091400146484,-5.827355818314985
m3gnet,wbm-4-13518,Ga8 Ir2 Sr2,12,-51.08335876464844,False,-51.08335876464844,-4.256946563720703
m3gnet,wbm-4-13519,Ga8 Rh2 Sr2,12,-48.480655670166016,False,-48.480655670166016,-4.040054639180501
m3gnet,wbm-4-13520,Ga8 Rh2 Sr2,12,-48.480865478515625,False,-48.480865478515625,-4.040072123209636
m3gnet,wbm-4-13521,Ga8 Pt2 Ta2,12,-64.2576675415039,False,-64.2576675415039,-5.354805628458659
m3gnet,wbm-4-13522,Au2 Ga8 Tb2,12,-45.76697540283203,False,-45.76697540283203,-3.8139146169026694
m3gnet,wbm-4-13523,Ga8 Ir2 Tb2,12,-58.40056228637695,False,-58.40056228637695,-4.866713523864746
m3gnet,wbm-4-13524,Ga8 Ir2 Tb2,12,-58.40024185180664,False,-58.40024185180664,-4.866686820983887
m3gnet,wbm-4-13525,Ga8 Ir2 Tm2,12,-57.856407165527344,False,-57.856407165527344,-4.821367263793945
m3gnet,wbm-4-13526,Ga4 Rh4 Y3,11,-70.0286865234375,False,-70.0286865234375,-6.366244229403409
m3gnet,wbm-4-13527,Ga4 Ru4 Y3,11,-74.32447052001953,False,-74.32447052001953,-6.756770047274503
m3gnet,wbm-4-13528,Au2 Ga8 Yb2,12,-38.951358795166016,False,-38.951358795166016,-3.2459465662638345
m3gnet,wbm-4-13529,Ga8 Os2 Y2,12,-64.99818420410156,False,-64.99818420410156,-5.416515350341797
m3gnet,wbm-4-13530,Ga8 Rh2 Y2,12,-59.433074951171875,False,-59.433074951171875,-4.952756245930989
m3gnet,wbm-4-13531,Ga8 Ir2 Zr2,12,-64.79132080078125,False,-64.79132080078125,-5.3992767333984375
m3gnet,wbm-4-13532,Ga8 Rh2 Zr2,12,-62.08710861206055,False,-62.08710861206055,-5.173925717671712
m3gnet,wbm-4-13533,Ga8 Rh2 Zr2,12,-62.24725341796875,False,-62.24725341796875,-5.1872711181640625
m3gnet,wbm-4-13534,Au1 Ga5 Np1,7,-32.900333404541016,False,-32.900333404541016,-4.700047629220145
m3gnet,wbm-4-13535,Ba1 Ga5 Ir1,7,-28.377010345458984,False,-28.377010345458984,-4.053858620779855
m3gnet,wbm-4-13536,Ba1 Ga5 Pt2,8,-34.650997161865234,False,-34.650997161865234,-4.331374645233154
m3gnet,wbm-4-13537,Ba1 Ga5 Pt1,7,-26.29488754272461,False,-26.29488754272461,-3.7564125061035156
m3gnet,wbm-4-13538,Ga5 Ir2 Th1,8,-44.99991226196289,False,-44.99991226196289,-5.624989032745361
m3gnet,wbm-4-13539,Ga5 Ir1 Pa1,7,-36.46706771850586,False,-36.46706771850586,-5.2095811026436945
m3gnet,wbm-4-13540,Ga5 Ir2 La1,8,-42.752864837646484,False,-42.752864837646484,-5.3441081047058105
m3gnet,wbm-4-13541,Ga5 Nb1 Pt1,7,-34.371795654296875,False,-34.371795654296875,-4.910256522042411
m3gnet,wbm-4-13542,Ga5 Nd1 Pt2,8,-37.852638244628906,False,-37.852638244628906,-4.731579780578613
m3gnet,wbm-4-13543,Ga5 Np1 Os1,7,-41.2081298828125,False,-41.2081298828125,-5.886875697544643
m3gnet,wbm-4-13544,Ba1 Ga5 Pd2,8,-31.943052291870117,False,-31.943052291870117,-3.9928815364837646
m3gnet,wbm-4-13545,Eu1 Ga5 Pd2,8,-40.34581756591797,False,-40.34581756591797,-5.043227195739746
m3gnet,wbm-4-13546,Ga5 Pd2 Yb1,8,-31.707761764526367,False,-31.707761764526367,-3.963470220565796
m3gnet,wbm-4-13547,Ga5 Ir2 Pr1,8,-42.42336654663086,False,-42.42336654663086,-5.302920818328857
m3gnet,wbm-4-13548,Ga5 Pr1 Pt2,8,-37.916316986083984,False,-37.916316986083984,-4.739539623260498
m3gnet,wbm-4-13549,Ga5 Pt2 Th1,8,-40.02305221557617,False,-40.02305221557617,-5.0028815269470215
m3gnet,wbm-4-13550,Ga5 Pa1 Pt1,7,-34.19930648803711,False,-34.19930648803711,-4.88561521257673
m3gnet,wbm-4-13551,Ga5 Rh2 Tm4,11,-56.39033126831055,False,-56.39033126831055,-5.126393751664595
m3gnet,wbm-4-13552,Er4 Ga5 Ru2,11,-58.80280303955078,False,-58.80280303955078,-5.34570936723189
m3gnet,wbm-4-13553,Ga5 Ho4 Ru2,11,-58.845123291015625,False,-58.845123291015625,-5.3495566628196025
m3gnet,wbm-4-13554,Ga5 Np1 Ru1,7,-39.714393615722656,False,-39.714393615722656,-5.673484802246094
m3gnet,wbm-4-13555,Ga5 Sr5 Tl1,11,-30.867340087890625,False,-30.867340087890625,-2.806121826171875
m3gnet,wbm-4-13556,Au2 Ga5 Sr1,8,-26.716615676879883,False,-26.716615676879883,-3.3395769596099854
m3gnet,wbm-4-13557,Ga5 Pd2 Sr1,8,-31.80492401123047,False,-31.80492401123047,-3.9756155014038086
m3gnet,wbm-4-13558,Ga5 Ru2 Sr1,8,-38.9228515625,False,-38.9228515625,-4.8653564453125
m3gnet,wbm-4-13559,Ag1 Ba1 Ga6,8,-25.221784591674805,False,-25.221784591674805,-3.1527230739593506
m3gnet,wbm-4-13560,Ag1 Ga6 La1,8,-28.624574661254883,False,-28.624574661254883,-3.5780718326568604
m3gnet,wbm-4-13561,Ga6 La1 Os1,8,-37.65733337402344,False,-37.65733337402344,-4.70716667175293
m3gnet,wbm-4-13562,Ce1 Ga6 Rh1,8,-35.481719970703125,False,-35.481719970703125,-4.435214996337891
m3gnet,wbm-4-13563,Dy1 Ga6 Rh1,8,-34.115684509277344,False,-34.115684509277344,-4.264460563659668
m3gnet,wbm-4-13564,Er1 Ga6 Rh1,8,-33.961421966552734,False,-33.961421966552734,-4.245177745819092
m3gnet,wbm-4-13565,Ga6 Lu1 Rh1,8,-33.747108459472656,False,-33.747108459472656,-4.218388557434082
m3gnet,wbm-4-13566,Ga6 Rh1 Tb1,8,-34.1881217956543,False,-34.1881217956543,-4.273515224456787
m3gnet,wbm-4-13567,Ga6 Rh1 U1,8,-39.54703903198242,False,-39.54703903198242,-4.943379878997803
m3gnet,wbm-4-13568,Ba1 Ga6 Ru1,8,-32.85297393798828,False,-32.85297393798828,-4.106621742248535
m3gnet,wbm-4-13569,Eu1 Ga6 Ru1,8,-41.21924591064453,False,-41.21924591064453,-5.152405738830566
m3gnet,wbm-4-13570,Ga6 Rh1 Y1,8,-36.033817291259766,False,-36.033817291259766,-4.504227161407471
m3gnet,wbm-4-13571,Au2 Ga7 Nd3,12,-49.66656494140625,False,-49.66656494140625,-4.1388804117838545
m3gnet,wbm-4-13572,Au2 Ga7 Pr3,12,-49.8176155090332,False,-49.8176155090332,-4.151467959086101
m3gnet,wbm-4-13573,Au2 Ga7 Sm3,12,-49.42243576049805,False,-49.42243576049805,-4.118536313374837
m3gnet,wbm-4-13574,Cs1 Ga9 Ir2,12,-49.59670639038086,False,-49.59670639038086,-4.133058865865071
m3gnet,wbm-4-13575,Ga9 Ir2 Sr1,12,-51.32806396484375,False,-51.32806396484375,-4.2773386637369795
m3gnet,wbm-4-13576,Ac2 Ga2,4,-16.068750381469727,False,-16.068750381469727,-4.017187595367432
m3gnet,wbm-4-13577,Ac2 Ga2,4,-16.068389892578125,False,-16.068389892578125,-4.017097473144531
m3gnet,wbm-4-13578,Ac1 Ag2 Ga1,4,-14.011751174926758,False,-14.011751174926758,-3.5029377937316895
m3gnet,wbm-4-13579,Ag2 Ga1 Hg1,4,-8.751768112182617,False,-8.751768112182617,-2.1879420280456543
m3gnet,wbm-4-13580,Ag2 Ga1 Nd1,4,-14.593526840209961,False,-14.593526840209961,-3.6483817100524902
m3gnet,wbm-4-13581,Ag4 Ga2 Yb4,10,-27.604413986206055,False,-27.604413986206055,-2.7604413986206056
m3gnet,wbm-4-13582,Ac2 Ag1 Ga1,4,-15.615264892578125,False,-15.615264892578125,-3.9038162231445312
m3gnet,wbm-4-13583,Ag1 Bi2 Ga1,4,-13.358153343200684,False,-13.358153343200684,-3.339538335800171
m3gnet,wbm-4-13584,Ag4 Ce4 Ga4,12,-51.604820251464844,False,-51.604820251464844,-4.30040168762207
m3gnet,wbm-4-13585,Ag1 Ga1 Np2,4,-30.455345153808594,False,-30.455345153808594,-7.613836288452148
m3gnet,wbm-4-13586,Ag4 Ga4 Pa4,12,-63.28611755371094,False,-63.28611755371094,-5.273843129475911
m3gnet,wbm-4-13587,Ag2 Ga2 Pu2,6,-38.98262023925781,False,-38.98262023925781,-6.497103373209636
m3gnet,wbm-4-13588,Ag1 Ga1 Ta2,4,-29.347097396850586,False,-29.347097396850586,-7.3367743492126465
m3gnet,wbm-4-13589,Ag2 Ga2 U2,6,-33.82141876220703,False,-33.82141876220703,-5.636903127034505
m3gnet,wbm-4-13590,Ag2 Ga2,4,-11.706802368164062,False,-11.706802368164062,-2.9267005920410156
m3gnet,wbm-4-13591,As2 Ce6 Ga1,9,-53.6116943359375,False,-53.6116943359375,-5.956854926215278
m3gnet,wbm-4-13592,As2 Ga1 Hf6,9,-77.92828369140625,False,-77.92828369140625,-8.658698187934029
m3gnet,wbm-4-13593,As2 Ga1 Ta6,9,-86.45868682861328,False,-86.45868682861328,-9.60652075873481
m3gnet,wbm-4-13594,As2 Ga1 Tb6,9,-46.97813415527344,False,-46.97813415527344,-5.2197926839192705
m3gnet,wbm-4-13595,As2 Ga1 Tm6,9,-46.0124626159668,False,-46.0124626159668,-5.112495846218533
m3gnet,wbm-4-13596,As2 Ga1 U6,9,-81.43115997314453,False,-81.43115997314453,-9.047906663682726
m3gnet,wbm-4-13597,As2 Eu2 Ga2,6,-40.407020568847656,False,-40.407020568847656,-6.734503428141276
m3gnet,wbm-4-13598,As4 Ga4 Sr4,12,-47.28489685058594,False,-47.28489685058594,-3.9404080708821616
m3gnet,wbm-4-13599,As4 Ga4 Yb4,12,-46.88054656982422,False,-46.88054656982422,-3.906712214152018
m3gnet,wbm-4-13600,Ac1 Au2 Ga1,4,-16.41260528564453,False,-16.41260528564453,-4.103151321411133
m3gnet,wbm-4-13601,Au2 Bi1 Ga1,4,-14.127652168273926,False,-14.127652168273926,-3.5319130420684814
m3gnet,wbm-4-13602,Au4 Ga2 Pu4,10,-74.09063720703125,False,-74.09063720703125,-7.409063720703125
m3gnet,wbm-4-13603,Au2 Ga1 Pu2,5,-37.29790496826172,False,-37.29790496826172,-7.459580993652343
m3gnet,wbm-4-13604,Au2 Ga1 U1,4,-21.408246994018555,False,-21.408246994018555,-5.352061748504639
m3gnet,wbm-4-13605,Au1 Bi2 Ga1,4,-13.897286415100098,False,-13.897286415100098,-3.4743216037750244
m3gnet,wbm-4-13606,Au1 Ga1 Np2,4,-31.187673568725586,False,-31.187673568725586,-7.7969183921813965
m3gnet,wbm-4-13607,Au4 Ga4 Np4,12,-77.6600341796875,False,-77.6600341796875,-6.471669514973958
m3gnet,wbm-4-13608,Au2 Ga2 Np2,6,-38.829654693603516,False,-38.829654693603516,-6.471609115600586
m3gnet,wbm-4-13609,Au4 Ga4 Pb4,12,-41.41133499145508,False,-41.41133499145508,-3.4509445826212564
m3gnet,wbm-4-13610,Au2 Ga2 Th2,6,-31.666337966918945,False,-31.666337966918945,-5.277722994486491
m3gnet,wbm-4-13611,Ba2 Ga1 Ir2,5,-26.24259376525879,False,-26.24259376525879,-5.248518753051758
m3gnet,wbm-4-13612,Ba2 Ga1 Pt2,5,-23.028095245361328,False,-23.028095245361328,-4.605619049072265
m3gnet,wbm-4-13613,Ba2 Ga1,3,-7.559672832489014,False,-7.559672832489014,-2.5198909441630044
m3gnet,wbm-4-13614,Au2 Ba2 Ga2,6,-20.303585052490234,False,-20.303585052490234,-3.3839308420817056
m3gnet,wbm-4-13615,Au4 Ba4 Ga4,12,-40.60205078125,False,-40.60205078125,-3.3835042317708335
m3gnet,wbm-4-13616,Ba2 Ga2 Ir2,6,-30.277620315551758,False,-30.277620315551758,-5.04627005259196
m3gnet,wbm-4-13617,Ba4 Ga4 Ir4,12,-61.024620056152344,False,-61.024620056152344,-5.085385004679362
m3gnet,wbm-4-13618,Ba4 Ga4 Pb4,12,-40.17645263671875,False,-40.17645263671875,-3.3480377197265625
m3gnet,wbm-4-13619,Ba4 Ga4 Pt4,12,-53.498600006103516,False,-53.498600006103516,-4.458216667175293
m3gnet,wbm-4-13620,Ba2 Ga2 Pt2,6,-26.944002151489258,False,-26.944002151489258,-4.49066702524821
m3gnet,wbm-4-13621,Ba2 Ga2 Pt2,6,-26.9500732421875,False,-26.9500732421875,-4.491678873697917
m3gnet,wbm-4-13622,Ba2 Ga2,4,-11.254131317138672,False,-11.254131317138672,-2.813532829284668
m3gnet,wbm-4-13623,Bi2 Ga1 Th6,9,-58.593074798583984,False,-58.593074798583984,-6.510341644287109
m3gnet,wbm-4-13624,Bi2 Ga1 U6,9,-76.63519287109375,False,-76.63519287109375,-8.515021430121529
m3gnet,wbm-4-13625,Br2 Ga2 Te2,6,-19.09535026550293,False,-19.09535026550293,-3.1825583775838218
m3gnet,wbm-4-13626,Au4 Cd4 Ga4,12,-30.879962921142578,False,-30.879962921142578,-2.5733302434285483
m3gnet,wbm-4-13627,Cd2 Ce2 Ga2,6,-22.33334732055664,False,-22.33334732055664,-3.722224553426107
m3gnet,wbm-4-13628,Cd2 Eu2 Ga2,6,-31.136747360229492,False,-31.136747360229492,-5.189457893371582
m3gnet,wbm-4-13629,Cd2 Ga2 Gd2,6,-39.497398376464844,False,-39.497398376464844,-6.582899729410808
m3gnet,wbm-4-13630,Cd3 Ga3 Ir3,9,-39.90937423706055,False,-39.90937423706055,-4.4343749152289496
m3gnet,wbm-4-13631,Cd2 Ga2 La2,6,-21.261579513549805,False,-21.261579513549805,-3.5435965855916343
m3gnet,wbm-4-13632,Cd2 Ga2 Pa2,6,-28.314504623413086,False,-28.314504623413086,-4.719084103902181
m3gnet,wbm-4-13633,Cd2 Ga2 Pr2,6,-20.851219177246094,False,-20.851219177246094,-3.475203196207682
m3gnet,wbm-4-13634,Cd3 Ga3 Pt3,9,-34.0689811706543,False,-34.0689811706543,-3.785442352294922
m3gnet,wbm-4-13635,Cd1 Ga1 Pt1,3,-11.182901382446289,False,-11.182901382446289,-3.727633794148763
m3gnet,wbm-4-13636,Ce2 Ga1 Ir2,5,-36.65432357788086,False,-36.65432357788086,-7.330864715576172
m3gnet,wbm-4-13637,Ce2 Ga1 Pt2,5,-32.166259765625,False,-32.166259765625,-6.433251953125
m3gnet,wbm-4-13638,Ce2 Ga1,3,-15.916963577270508,False,-15.916963577270508,-5.305654525756836
m3gnet,wbm-4-13639,Bi2 Ce6 Ga1,9,-49.94847106933594,False,-49.94847106933594,-5.5498301188151045
m3gnet,wbm-4-13640,Au2 Ce1 Ga1,4,-17.875200271606445,False,-17.875200271606445,-4.468800067901611
m3gnet,wbm-4-13641,Au2 Ce2 Ga2,6,-28.761058807373047,False,-28.761058807373047,-4.793509801228841
m3gnet,wbm-4-13642,Ce1 Ga1 Ir2,4,-29.818286895751953,False,-29.818286895751953,-7.454571723937988
m3gnet,wbm-4-13643,Ce2 Ga2 Os4,8,-64.63297271728516,False,-64.63297271728516,-8.079121589660645
m3gnet,wbm-4-13644,Ce1 Ga1 Pt4,6,-37.94969177246094,False,-37.94969177246094,-6.324948628743489
m3gnet,wbm-4-13645,Ce2 Ga2 Re2,6,-44.114253997802734,False,-44.114253997802734,-7.352375666300456
m3gnet,wbm-4-13646,Ce1 Ga1,2,-9.96081829071045,False,-9.96081829071045,-4.980409145355225
m3gnet,wbm-4-13647,Au4 Dy4 Ga2,10,-45.81113052368164,False,-45.81113052368164,-4.581113052368164
m3gnet,wbm-4-13648,Au2 Dy2 Ga1,5,-22.897167205810547,False,-22.897167205810547,-4.579433441162109
m3gnet,wbm-4-13649,Dy4 Ga2 Ir4,10,-68.78543853759766,False,-68.78543853759766,-6.878543853759766
m3gnet,wbm-4-13650,Dy2 Ga1 Ir2,5,-34.439857482910156,False,-34.439857482910156,-6.887971496582031
m3gnet,wbm-4-13651,Dy2 Ga1 Os2,5,-36.74683380126953,False,-36.74683380126953,-7.349366760253906
m3gnet,wbm-4-13652,Dy2 Ga1,3,-13.451295852661133,False,-13.451295852661133,-4.483765284220378
m3gnet,wbm-4-13653,Bi2 Dy6 Ga1,9,-43.56351852416992,False,-43.56351852416992,-4.8403909471299915
m3gnet,wbm-4-13654,Au2 Dy1 Ga1,4,-16.847509384155273,False,-16.847509384155273,-4.211877346038818
m3gnet,wbm-4-13655,Au2 Dy2 Ga2,6,-26.64537811279297,False,-26.64537811279297,-4.440896352132161
m3gnet,wbm-4-13656,Dy2 Ga2 Os2,6,-40.44479751586914,False,-40.44479751586914,-6.74079958597819
m3gnet,wbm-4-13657,Dy4 Ga4 Os4,12,-80.97210693359375,False,-80.97210693359375,-6.7476755777994795
m3gnet,wbm-4-13658,Dy2 Ga2 Pt2,6,-33.92340087890625,False,-33.92340087890625,-5.653900146484375
m3gnet,wbm-4-13659,Dy2 Ga2,4,-17.858469009399414,False,-17.858469009399414,-4.4646172523498535
m3gnet,wbm-4-13660,Au4 Er4 Ga2,10,-45.475746154785156,False,-45.475746154785156,-4.547574615478515
m3gnet,wbm-4-13661,Er4 Ga2 Ir4,10,-68.8670883178711,False,-68.8670883178711,-6.886708831787109
m3gnet,wbm-4-13662,Er2 Ga1 Ir2,5,-34.484554290771484,False,-34.484554290771484,-6.896910858154297
m3gnet,wbm-4-13663,Er2 Ga1 Os2,5,-36.83805465698242,False,-36.83805465698242,-7.367610931396484
m3gnet,wbm-4-13664,Er2 Ga1 Pt2,5,-30.1367130279541,False,-30.1367130279541,-6.02734260559082
m3gnet,wbm-4-13665,Au2 Er1 Ga1,4,-16.807737350463867,False,-16.807737350463867,-4.201934337615967
m3gnet,wbm-4-13666,Au2 Er2 Ga2,6,-26.56338882446289,False,-26.56338882446289,-4.427231470743815
m3gnet,wbm-4-13667,Er2 Ga2 Os2,6,-40.272464752197266,False,-40.272464752197266,-6.712077458699544
m3gnet,wbm-4-13668,Er1 Ga1 Pt2,4,-24.09735107421875,False,-24.09735107421875,-6.0243377685546875
m3gnet,wbm-4-13669,Er2 Ga2 Pt2,6,-33.86564254760742,False,-33.86564254760742,-5.64427375793457
m3gnet,wbm-4-13670,Er2 Ga2,4,-17.794252395629883,False,-17.794252395629883,-4.448563098907471
m3gnet,wbm-4-13671,Au2 Eu2 Ga1,5,-33.76866912841797,False,-33.76866912841797,-6.753733825683594
m3gnet,wbm-4-13672,Eu2 Ga1 Ir2,5,-44.66679763793945,False,-44.66679763793945,-8.933359527587891
m3gnet,wbm-4-13673,Eu2 Ga1 Os2,5,-46.58344650268555,False,-46.58344650268555,-9.31668930053711
m3gnet,wbm-4-13674,Au2 Eu1 Ga1,4,-22.381025314331055,False,-22.381025314331055,-5.595256328582764
m3gnet,wbm-4-13675,Eu2 Ga2 Os2,6,-50.183250427246094,False,-50.183250427246094,-8.363875071207682
m3gnet,wbm-4-13676,Eu2 Ga2,4,-28.47989845275879,False,-28.47989845275879,-7.119974613189697
m3gnet,wbm-4-13677,Au2 Ga1 Gd2,5,-41.73915481567383,False,-41.73915481567383,-8.347830963134765
m3gnet,wbm-4-13678,Ga1 Gd2 Ir2,5,-52.90669631958008,False,-52.90669631958008,-10.581339263916016
m3gnet,wbm-4-13679,Ga1 Gd2 Os2,5,-55.36253356933594,False,-55.36253356933594,-11.072506713867188
m3gnet,wbm-4-13680,Ga1 Gd2 Pt2,5,-48.856666564941406,False,-48.856666564941406,-9.771333312988281
m3gnet,wbm-4-13681,Au2 Ga2 Gd2,6,-45.365333557128906,False,-45.365333557128906,-7.560888926188151
m3gnet,wbm-4-13682,Ga2 Gd2 Pt2,6,-52.42809295654297,False,-52.42809295654297,-8.738015492757162
m3gnet,wbm-4-13683,Ga2 Gd2,4,-36.687862396240234,False,-36.687862396240234,-9.171965599060059
m3gnet,wbm-4-13684,Ag2 Ga1 Ge1,4,-12.782867431640625,False,-12.782867431640625,-3.1957168579101562
m3gnet,wbm-4-13685,Ba2 Ga1 Ge1,4,-13.190084457397461,False,-13.190084457397461,-3.2975211143493652
m3gnet,wbm-4-13686,Bi2 Ga1 Ge1,4,-14.449125289916992,False,-14.449125289916992,-3.612281322479248
m3gnet,wbm-4-13687,Ce2 Ga1 Ge1,4,-21.98348617553711,False,-21.98348617553711,-5.495871543884277
m3gnet,wbm-4-13688,Dy2 Ga1 Ge1,4,-19.985044479370117,False,-19.985044479370117,-4.996261119842529
m3gnet,wbm-4-13689,Er2 Ga1 Ge1,4,-19.891136169433594,False,-19.891136169433594,-4.972784042358398
m3gnet,wbm-4-13690,Ga1 Ge1 Hf2,4,-29.933181762695312,False,-29.933181762695312,-7.483295440673828
m3gnet,wbm-4-13691,Ga1 Ge1 Ho2,4,-19.903682708740234,False,-19.903682708740234,-4.975920677185059
m3gnet,wbm-4-13692,Ga1 Ge1 In2,4,-12.585309982299805,False,-12.585309982299805,-3.146327495574951
m3gnet,wbm-4-13693,Ga1 Ge1 La2,4,-20.505203247070312,False,-20.505203247070312,-5.126300811767578
m3gnet,wbm-4-13694,Ga1 Ge1 Lu2,4,-19.59930419921875,False,-19.59930419921875,-4.8998260498046875
m3gnet,wbm-4-13695,Ga1 Ge1 Nb2,4,-29.464908599853516,False,-29.464908599853516,-7.366227149963379
m3gnet,wbm-4-13696,Ga1 Ge1 Nd2,4,-20.159400939941406,False,-20.159400939941406,-5.039850234985352
m3gnet,wbm-4-13697,Ga2 Ge2 Nd2,6,-29.020477294921875,False,-29.020477294921875,-4.8367462158203125
m3gnet,wbm-4-13698,Ga1 Ge1 Np2,4,-33.13908386230469,False,-33.13908386230469,-8.284770965576172
m3gnet,wbm-4-13699,Ga1 Ge1 Pb2,4,-14.372477531433105,False,-14.372477531433105,-3.5931193828582764
m3gnet,wbm-4-13700,Ga1 Ge1 Pm2,4,-19.751188278198242,False,-19.751188278198242,-4.9377970695495605
m3gnet,wbm-4-13701,Ga1 Ge1 Pr2,4,-20.123992919921875,False,-20.123992919921875,-5.030998229980469
m3gnet,wbm-4-13702,Ga2 Ge2 Pr2,6,-29.11764144897461,False,-29.11764144897461,-4.8529402414957685
m3gnet,wbm-4-13703,Ga1 Ge1 Pu2,4,-36.306270599365234,False,-36.306270599365234,-9.076567649841309
m3gnet,wbm-4-13704,Ga1 Ge1 Se2,4,-14.37065315246582,False,-14.37065315246582,-3.592663288116455
m3gnet,wbm-4-13705,Ga1 Ge1 Sm2,4,-20.137022018432617,False,-20.137022018432617,-5.034255504608154
m3gnet,wbm-4-13706,Ga1 Ge1 Sr2,4,-12.88831901550293,False,-12.88831901550293,-3.2220797538757324
m3gnet,wbm-4-13707,Ga1 Ge1 Ta2,4,-32.570823669433594,False,-32.570823669433594,-8.142705917358398
m3gnet,wbm-4-13708,Ga1 Ge1 Tb2,4,-20.075927734375,False,-20.075927734375,-5.01898193359375
m3gnet,wbm-4-13709,Ga1 Ge1 Th2,4,-25.151397705078125,False,-25.151397705078125,-6.287849426269531
m3gnet,wbm-4-13710,Ga1 Ge1 Tl2,4,-11.29716682434082,False,-11.29716682434082,-2.824291706085205
m3gnet,wbm-4-13711,Ga1 Ge1 Tm2,4,-19.631855010986328,False,-19.631855010986328,-4.907963752746582
m3gnet,wbm-4-13712,Ga1 Ge1 U2,4,-30.38726806640625,False,-30.38726806640625,-7.5968170166015625
m3gnet,wbm-4-13713,Ga1 Ge1 Y2,4,-23.852760314941406,False,-23.852760314941406,-5.963190078735352
m3gnet,wbm-4-13714,Ga1 Ge1 Yb2,4,-12.952784538269043,False,-12.952784538269043,-3.2381961345672607
m3gnet,wbm-4-13715,Ga1 Ge1 Zr2,4,-27.635801315307617,False,-27.635801315307617,-6.908950328826904
m3gnet,wbm-4-13716,Ga2 Hf4 Pt4,10,-80.41703796386719,False,-80.41703796386719,-8.041703796386718
m3gnet,wbm-4-13717,Ga1 Hf2,3,-24.158336639404297,False,-24.158336639404297,-8.052778879801432
m3gnet,wbm-4-13718,Ga4 Hf8,12,-96.48524475097656,False,-96.48524475097656,-8.04043706258138
m3gnet,wbm-4-13719,Au2 Ga1 Hf1,4,-21.343589782714844,False,-21.343589782714844,-5.335897445678711
m3gnet,wbm-4-13720,Au4 Ga2 Hf2,8,-42.71145248413086,False,-42.71145248413086,-5.338931560516357
m3gnet,wbm-4-13721,Au2 Ga2 Hf2,6,-35.506675720214844,False,-35.506675720214844,-5.917779286702474
m3gnet,wbm-4-13722,Ga2 Hf2 Ir4,8,-68.05792236328125,False,-68.05792236328125,-8.507240295410156
m3gnet,wbm-4-13723,Ga4 Hf4 Ir4,12,-96.94145202636719,False,-96.94145202636719,-8.0784543355306
m3gnet,wbm-4-13724,Ga3 Hf3 Os3,9,-77.74922180175781,False,-77.74922180175781,-8.638802422417534
m3gnet,wbm-4-13725,Ga1 Hf1,2,-13.943405151367188,False,-13.943405151367188,-6.971702575683594
m3gnet,wbm-4-13726,Ga1 Hg1 Pb2,4,-10.457128524780273,False,-10.457128524780273,-2.6142821311950684
m3gnet,wbm-4-13727,Ga1 Hg1 Tl2,4,-7.799929618835449,False,-7.799929618835449,-1.9499824047088623
m3gnet,wbm-4-13728,Ga2 Hg2,4,-5.973277568817139,False,-5.973277568817139,-1.4933193922042847
m3gnet,wbm-4-13729,Au4 Ga2 Ho4,10,-45.744808197021484,False,-45.744808197021484,-4.574480819702148
m3gnet,wbm-4-13730,Au2 Ga1 Ho2,5,-22.8516845703125,False,-22.8516845703125,-4.5703369140625
m3gnet,wbm-4-13731,Ga2 Ho4 Ir4,10,-68.80610656738281,False,-68.80610656738281,-6.880610656738281
m3gnet,wbm-4-13732,Ga1 Ho2 Ir2,5,-34.45675277709961,False,-34.45675277709961,-6.891350555419922
m3gnet,wbm-4-13733,Ga1 Ho2 Os2,5,-36.7556037902832,False,-36.7556037902832,-7.3511207580566404
m3gnet,wbm-4-13734,Ga1 Ho2 Pt2,5,-30.152982711791992,False,-30.152982711791992,-6.030596542358398
m3gnet,wbm-4-13735,Bi2 Ga1 Ho6,9,-43.36470031738281,False,-43.36470031738281,-4.818300035264757
m3gnet,wbm-4-13736,Au2 Ga1 Ho1,4,-16.831878662109375,False,-16.831878662109375,-4.207969665527344
m3gnet,wbm-4-13737,Au2 Ga2 Ho2,6,-26.593379974365234,False,-26.593379974365234,-4.432229995727539
m3gnet,wbm-4-13738,Ga1 Ho1 Ir2,4,-27.55876922607422,False,-27.55876922607422,-6.889692306518555
m3gnet,wbm-4-13739,Ga2 Ho2 Os2,6,-40.3107795715332,False,-40.3107795715332,-6.7184632619222
m3gnet,wbm-4-13740,Ga4 Ho4 Os4,12,-80.94562530517578,False,-80.94562530517578,-6.745468775431315
m3gnet,wbm-4-13741,Ga1 Ho1 Pt2,4,-24.064668655395508,False,-24.064668655395508,-6.016167163848877
m3gnet,wbm-4-13742,Ga2 Ho2 Pt2,6,-33.90091323852539,False,-33.90091323852539,-5.650152206420898
m3gnet,wbm-4-13743,Ga2 Ho2,4,-17.78675079345703,False,-17.78675079345703,-4.446687698364258
m3gnet,wbm-4-13744,Ga1 Hg1 In2,4,-8.575477600097656,False,-8.575477600097656,-2.143869400024414
m3gnet,wbm-4-13745,Ga4 In8,12,-33.566123962402344,False,-33.566123962402344,-2.797176996866862
m3gnet,wbm-4-13746,Ac2 Ga1 In1,4,-15.644078254699707,False,-15.644078254699707,-3.9110195636749268
m3gnet,wbm-4-13747,Eu2 Ga1 In1,4,-28.259090423583984,False,-28.259090423583984,-7.064772605895996
m3gnet,wbm-4-13748,Ga4 In4 Ir4,12,-61.77473449707031,False,-61.77473449707031,-5.147894541422526
m3gnet,wbm-4-13749,Ga2 In2 Pt2,6,-26.371252059936523,False,-26.371252059936523,-4.395208676656087
m3gnet,wbm-4-13750,Ga2 In2,4,-11.31393814086914,False,-11.31393814086914,-2.828484535217285
m3gnet,wbm-4-13751,Ac1 Ga1 Ir2,4,-27.43170928955078,False,-27.43170928955078,-6.857927322387695
m3gnet,wbm-4-13752,Ga2 Ir4 Pa4,10,-86.07540130615234,False,-86.07540130615234,-8.607540130615234
m3gnet,wbm-4-13753,Ga1 Ir2 Pa1,4,-33.034263610839844,False,-33.034263610839844,-8.258565902709961
m3gnet,wbm-4-13754,Ga1 Ir2 Pu2,5,-49.08537673950195,False,-49.08537673950195,-9.81707534790039
m3gnet,wbm-4-13755,Ga1 Ir2 Pu1,4,-34.836421966552734,False,-34.836421966552734,-8.709105491638184
m3gnet,wbm-4-13756,Ga1 Ir2 Pu1,4,-34.29887390136719,False,-34.29887390136719,-8.574718475341797
m3gnet,wbm-4-13757,Ga2 Ir4 Th4,10,-80.09510803222656,False,-80.09510803222656,-8.009510803222657
m3gnet,wbm-4-13758,Ga1 Ir2 Th2,5,-40.029720306396484,False,-40.029720306396484,-8.005944061279298
m3gnet,wbm-4-13759,Ga1 Ir2 U2,5,-45.537227630615234,False,-45.537227630615234,-9.107445526123048
m3gnet,wbm-4-13760,Ga1 Ir2 U1,4,-34.14500427246094,False,-34.14500427246094,-8.536251068115234
m3gnet,wbm-4-13761,Ga1 Ir7,8,-66.49069213867188,False,-66.49069213867188,-8.311336517333984
m3gnet,wbm-4-13762,Bi2 Ga1 Ir1,4,-18.57238006591797,False,-18.57238006591797,-4.643095016479492
m3gnet,wbm-4-13763,Ga1 Ir1 Np2,4,-38.28684616088867,False,-38.28684616088867,-9.571711540222168
m3gnet,wbm-4-13764,Ga3 Ir3 Pb3,9,-47.4127311706543,False,-47.4127311706543,-5.268081241183811
m3gnet,wbm-4-13765,Ga2 Ir4 La4,10,-69.03955841064453,False,-69.03955841064453,-6.9039558410644535
m3gnet,wbm-4-13766,Ga1 Ir2 La2,5,-34.539093017578125,False,-34.539093017578125,-6.907818603515625
m3gnet,wbm-4-13767,Ga1 La2 Pt2,5,-30.349159240722656,False,-30.349159240722656,-6.069831848144531
m3gnet,wbm-4-13768,Ga1 La2,3,-14.075492858886719,False,-14.075492858886719,-4.691830952962239
m3gnet,wbm-4-13769,Ga4 Hg4 La4,12,-40.231956481933594,False,-40.231956481933594,-3.352663040161133
m3gnet,wbm-4-13770,Ga2 Ir2 La2,6,-38.19438934326172,False,-38.19438934326172,-6.365731557210286
m3gnet,wbm-4-13771,Ga4 Ir4 La4,12,-76.40186309814453,False,-76.40186309814453,-6.366821924845378
m3gnet,wbm-4-13772,Ga2 La2 Os2,6,-40.63662338256836,False,-40.63662338256836,-6.7727705637613935
m3gnet,wbm-4-13773,Ga1 La1 Pt2,4,-24.241893768310547,False,-24.241893768310547,-6.060473442077637
m3gnet,wbm-4-13774,Ga2 La2 Pt2,6,-34.07326126098633,False,-34.07326126098633,-5.678876876831055
m3gnet,wbm-4-13775,Ga2 La2,4,-18.302867889404297,False,-18.302867889404297,-4.575716972351074
m3gnet,wbm-4-13776,Ga1 Lu2 Pt2,5,-30.185546875,False,-30.185546875,-6.037109375
m3gnet,wbm-4-13777,Au2 Ga1 Lu1,4,-16.745397567749023,False,-16.745397567749023,-4.186349391937256
m3gnet,wbm-4-13778,Au2 Ga2 Lu2,6,-26.350421905517578,False,-26.350421905517578,-4.39173698425293
m3gnet,wbm-4-13779,Ga1 Ir2 Lu1,4,-28.03241539001465,False,-28.03241539001465,-7.008103847503662
m3gnet,wbm-4-13780,Ga1 Lu1 Pt2,4,-24.08069610595703,False,-24.08069610595703,-6.020174026489258
m3gnet,wbm-4-13781,Ga1 Lu1 Pt4,6,-36.29448699951172,False,-36.29448699951172,-6.049081166585286
m3gnet,wbm-4-13782,Ga2 Lu2 Pt2,6,-33.81174850463867,False,-33.81174850463867,-5.635291417439778
m3gnet,wbm-4-13783,Ga1 Lu1,2,-8.776867866516113,False,-8.776867866516113,-4.388433933258057
m3gnet,wbm-4-13784,Ga2 Lu2,4,-17.55559730529785,False,-17.55559730529785,-4.388899326324463
m3gnet,wbm-4-13785,Au4 Ga4 Mo4,12,-67.25016784667969,False,-67.25016784667969,-5.604180653889974
m3gnet,wbm-4-13786,Ga3 Ir3 Mo3,9,-69.38558959960938,False,-69.38558959960938,-7.709509955512153
m3gnet,wbm-4-13787,Ga3 Mo3 Pt3,9,-61.54509735107422,False,-61.54509735107422,-6.838344150119358
m3gnet,wbm-4-13788,Ga1 Mo1 Ru2,4,-33.50464630126953,False,-33.50464630126953,-8.376161575317383
m3gnet,wbm-4-13789,Ga1 Nb2 Rh2,5,-40.50151062011719,False,-40.50151062011719,-8.100302124023438
m3gnet,wbm-4-13790,Ga1 Nb2 Sn1,4,-28.321613311767578,False,-28.321613311767578,-7.0804033279418945
m3gnet,wbm-4-13791,Ga1 Nb2,3,-23.905948638916016,False,-23.905948638916016,-7.968649546305339
m3gnet,wbm-4-13792,Ga4 Nb8,12,-95.52257537841797,False,-95.52257537841797,-7.960214614868164
m3gnet,wbm-4-13793,Bi2 Ga1 Nb6,9,-71.19288635253906,False,-71.19288635253906,-7.910320705837673
m3gnet,wbm-4-13794,Au2 Ga1 Nb1,4,-20.130603790283203,False,-20.130603790283203,-5.032650947570801
m3gnet,wbm-4-13795,Ga1 Ir2 Nb1,4,-33.12774658203125,False,-33.12774658203125,-8.281936645507812
m3gnet,wbm-4-13796,Ga4 Ir4 Nb4,12,-94.3289566040039,False,-94.3289566040039,-7.860746383666992
m3gnet,wbm-4-13797,Ga3 Nb3 Os3,9,-76.3774642944336,False,-76.3774642944336,-8.486384921603733
m3gnet,wbm-4-13798,Ga1 Nb1 Pd2,4,-25.21601104736328,False,-25.21601104736328,-6.30400276184082
m3gnet,wbm-4-13799,Ga1 Nb1 Pt2,4,-27.80255126953125,False,-27.80255126953125,-6.9506378173828125
m3gnet,wbm-4-13800,Ga1 Nb1 Rh2,4,-30.29998016357422,False,-30.29998016357422,-7.574995040893555
m3gnet,wbm-4-13801,Ga1 Nb1 Ru2,4,-33.603858947753906,False,-33.603858947753906,-8.400964736938477
m3gnet,wbm-4-13802,Au2 Ga1 Nd2,5,-22.98493194580078,False,-22.98493194580078,-4.596986389160156
m3gnet,wbm-4-13803,Ga2 Ir4 Nd4,10,-68.07666778564453,False,-68.07666778564453,-6.807666778564453
m3gnet,wbm-4-13804,Ga1 Ir2 Nd2,5,-34.060237884521484,False,-34.060237884521484,-6.8120475769042965
m3gnet,wbm-4-13805,Ga1 Nd2 Os2,5,-36.48048782348633,False,-36.48048782348633,-7.2960975646972654
m3gnet,wbm-4-13806,Ga1 Nd2 Pt2,5,-29.941123962402344,False,-29.941123962402344,-5.988224792480469
m3gnet,wbm-4-13807,Ga1 Nd2,3,-13.693485260009766,False,-13.693485260009766,-4.564495086669922
m3gnet,wbm-4-13808,Au2 Ga1 Nd1,4,-16.84881019592285,False,-16.84881019592285,-4.212202548980713
m3gnet,wbm-4-13809,Au2 Ga2 Nd2,6,-26.751249313354492,False,-26.751249313354492,-4.458541552225749
m3gnet,wbm-4-13810,Ga1 Ir2 Nd1,4,-28.24872398376465,False,-28.24872398376465,-7.062180995941162
m3gnet,wbm-4-13811,Ga2 Ir2 Nd2,6,-37.881874084472656,False,-37.881874084472656,-6.313645680745442
m3gnet,wbm-4-13812,Ga4 Ir4 Nd4,12,-75.5787124633789,False,-75.5787124633789,-6.298226038614909
m3gnet,wbm-4-13813,Ga2 Nd2 Os2,6,-40.444576263427734,False,-40.444576263427734,-6.740762710571289
m3gnet,wbm-4-13814,Ga4 Nd4 Os4,12,-80.48797607421875,False,-80.48797607421875,-6.7073313395182295
m3gnet,wbm-4-13815,Ga1 Nd1 Pt2,4,-24.0260009765625,False,-24.0260009765625,-6.006500244140625
m3gnet,wbm-4-13816,Ga2 Nd2 Pt4,8,-47.32154846191406,False,-47.32154846191406,-5.915193557739258
m3gnet,wbm-4-13817,Ga2 Nd2 Pt2,6,-33.86878204345703,False,-33.86878204345703,-5.644797007242839
m3gnet,wbm-4-13818,Ga2 Nd2,4,-18.010438919067383,False,-18.010438919067383,-4.502609729766846
m3gnet,wbm-4-13819,Ga1 Np2,3,-29.262113571166992,False,-29.262113571166992,-9.754037857055664
m3gnet,wbm-4-13820,Ac1 Ga1 Os2,4,-29.982200622558594,False,-29.982200622558594,-7.495550155639648
m3gnet,wbm-4-13821,Ga1 Os2 Pa1,4,-35.942569732666016,False,-35.942569732666016,-8.985642433166504
m3gnet,wbm-4-13822,Ga1 Os2 Pu2,5,-52.4296989440918,False,-52.4296989440918,-10.48593978881836
m3gnet,wbm-4-13823,Ga1 Os2 Pu1,4,-38.167449951171875,False,-38.167449951171875,-9.541862487792969
m3gnet,wbm-4-13824,Ga2 Os4 Th2,8,-68.14771270751953,False,-68.14771270751953,-8.518464088439941
m3gnet,wbm-4-13825,Ga1 Os2 U2,5,-48.571372985839844,False,-48.571372985839844,-9.714274597167968
m3gnet,wbm-4-13826,Ga1 Os2 U1,4,-37.099910736083984,False,-37.099910736083984,-9.274977684020996
m3gnet,wbm-4-13827,Ac2 Ga1 Os1,4,-22.489377975463867,False,-22.489377975463867,-5.622344493865967
m3gnet,wbm-4-13828,Ga3 Os3 Pa3,9,-74.88208770751953,False,-74.88208770751953,-8.32023196750217
m3gnet,wbm-4-13829,Ga2 Os2 Th2,6,-45.808746337890625,False,-45.808746337890625,-7.6347910563151045
m3gnet,wbm-4-13830,Ga3 Os3 Th3,9,-69.49919891357422,False,-69.49919891357422,-7.722133212619358
m3gnet,wbm-4-13831,Ga2 Os2 U2,6,-51.74297332763672,False,-51.74297332763672,-8.623828887939453
m3gnet,wbm-4-13832,Ga1 Pa2,3,-22.563425064086914,False,-22.563425064086914,-7.521141688028972
m3gnet,wbm-4-13833,Ac2 Ga1 Pb1,4,-17.05990982055664,False,-17.05990982055664,-4.26497745513916
m3gnet,wbm-4-13834,Ga2 Pb2,4,-13.159026145935059,False,-13.159026145935059,-3.2897565364837646
m3gnet,wbm-4-13835,Ac1 Ga1 Pd2,4,-20.98676872253418,False,-20.98676872253418,-5.246692180633545
m3gnet,wbm-4-13836,Ag1 Ga1 Pd2,4,-17.847326278686523,False,-17.847326278686523,-4.461831569671631
m3gnet,wbm-4-13837,Ba2 Ga1 Pd2,5,-20.297157287597656,False,-20.297157287597656,-4.059431457519532
m3gnet,wbm-4-13838,Bi1 Ga1 Pd2,4,-19.210411071777344,False,-19.210411071777344,-4.802602767944336
m3gnet,wbm-4-13839,Ce2 Ga1 Pd2,5,-29.06908416748047,False,-29.06908416748047,-5.813816833496094
m3gnet,wbm-4-13840,Ce1 Ga1 Pd2,4,-22.558303833007812,False,-22.558303833007812,-5.639575958251953
m3gnet,wbm-4-13841,Dy2 Ga1 Pd2,5,-27.1569881439209,False,-27.1569881439209,-5.43139762878418
m3gnet,wbm-4-13842,Dy1 Ga1 Pd2,4,-21.581684112548828,False,-21.581684112548828,-5.395421028137207
m3gnet,wbm-4-13843,Er2 Ga1 Pd2,5,-27.1328067779541,False,-27.1328067779541,-5.42656135559082
m3gnet,wbm-4-13844,Er1 Ga1 Pd2,4,-21.60761260986328,False,-21.60761260986328,-5.40190315246582
m3gnet,wbm-4-13845,Ga1 Gd2 Pd2,5,-45.846527099609375,False,-45.846527099609375,-9.169305419921875
m3gnet,wbm-4-13846,Ga2 Hf2 Pd4,8,-53.0277214050293,False,-53.0277214050293,-6.628465175628662
m3gnet,wbm-4-13847,Ga1 Hg1 Pd2,4,-15.4247465133667,False,-15.4247465133667,-3.856186628341675
m3gnet,wbm-4-13848,Ga1 Hg1 Pd2,4,-15.2366304397583,False,-15.2366304397583,-3.809157609939575
m3gnet,wbm-4-13849,Ga1 Ho2 Pd2,5,-27.121501922607422,False,-27.121501922607422,-5.4243003845214846
m3gnet,wbm-4-13850,Ga1 Ho1 Pd2,4,-21.574419021606445,False,-21.574419021606445,-5.393604755401611
m3gnet,wbm-4-13851,Ga1 In1 Pd2,4,-18.200855255126953,False,-18.200855255126953,-4.550213813781738
m3gnet,wbm-4-13852,Ga2 In2 Pd4,8,-36.9062385559082,False,-36.9062385559082,-4.613279819488525
m3gnet,wbm-4-13853,Ga1 La2 Pd2,5,-27.4705867767334,False,-27.4705867767334,-5.494117355346679
m3gnet,wbm-4-13854,Ga1 La1 Pd2,4,-21.77007293701172,False,-21.77007293701172,-5.44251823425293
m3gnet,wbm-4-13855,Ga1 Lu1 Pd2,4,-21.526813507080078,False,-21.526813507080078,-5.3817033767700195
m3gnet,wbm-4-13856,Ga1 Nd2 Pd2,5,-27.055818557739258,False,-27.055818557739258,-5.411163711547852
m3gnet,wbm-4-13857,Ga1 Nd1 Pd2,4,-21.551485061645508,False,-21.551485061645508,-5.387871265411377
m3gnet,wbm-4-13858,Ga1 Pa1 Pd2,4,-25.397014617919922,False,-25.397014617919922,-6.3492536544799805
m3gnet,wbm-4-13859,Ga1 Pb1 Pd2,4,-18.86382484436035,False,-18.86382484436035,-4.715956211090088
m3gnet,wbm-4-13860,Ga1 Pd2 Pm1,4,-21.642662048339844,False,-21.642662048339844,-5.410665512084961
m3gnet,wbm-4-13861,Ga1 Pd2 Pr1,4,-21.57225799560547,False,-21.57225799560547,-5.393064498901367
m3gnet,wbm-4-13862,Ga2 Pd4 Pr2,8,-42.60752868652344,False,-42.60752868652344,-5.32594108581543
m3gnet,wbm-4-13863,Ga1 Pd2 Pu2,5,-42.825069427490234,False,-42.825069427490234,-8.565013885498047
m3gnet,wbm-4-13864,Ga1 Pd2 Pu1,4,-27.531618118286133,False,-27.531618118286133,-6.882904529571533
m3gnet,wbm-4-13865,Ga1 Pd2 Sm1,4,-21.544496536254883,False,-21.544496536254883,-5.386124134063721
m3gnet,wbm-4-13866,Ga1 Pd2 Ta1,4,-26.925127029418945,False,-26.925127029418945,-6.731281757354736
m3gnet,wbm-4-13867,Ga1 Pd2 Tb2,5,-27.150754928588867,False,-27.150754928588867,-5.430150985717773
m3gnet,wbm-4-13868,Ga1 Pd2 Tb1,4,-21.598419189453125,False,-21.598419189453125,-5.399604797363281
m3gnet,wbm-4-13869,Ga1 Pd2 Th2,5,-32.296302795410156,False,-32.296302795410156,-6.459260559082031
m3gnet,wbm-4-13870,Ga1 Pd2 Tl1,4,-17.317768096923828,False,-17.317768096923828,-4.329442024230957
m3gnet,wbm-4-13871,Ga1 Pd2 Tm2,5,-26.991718292236328,False,-26.991718292236328,-5.398343658447265
m3gnet,wbm-4-13872,Ga1 Pd2 Tm1,4,-21.51017951965332,False,-21.51017951965332,-5.37754487991333
m3gnet,wbm-4-13873,Ga1 Pd2 U2,5,-37.110469818115234,False,-37.110469818115234,-7.4220939636230465
m3gnet,wbm-4-13874,Ga1 Pd2 U1,4,-26.22372817993164,False,-26.22372817993164,-6.55593204498291
m3gnet,wbm-4-13875,Ga1 Pd2 U1,4,-26.22713279724121,False,-26.22713279724121,-6.556783199310303
m3gnet,wbm-4-13876,Ga1 Pd2 Yb1,4,-18.30880355834961,False,-18.30880355834961,-4.577200889587402
m3gnet,wbm-4-13877,Ga1 Pd3,4,-20.40991973876953,False,-20.40991973876953,-5.102479934692383
m3gnet,wbm-4-13878,Ga1 Pd3,4,-20.409931182861328,False,-20.409931182861328,-5.102482795715332
m3gnet,wbm-4-13879,Ce1 Ga1 Pd4,6,-33.38358688354492,False,-33.38358688354492,-5.563931147257487
m3gnet,wbm-4-13880,Ga1 Pd8,9,-46.63627624511719,False,-46.63627624511719,-5.1818084716796875
m3gnet,wbm-4-13881,Ag2 Ga1 Pd1,4,-14.508509635925293,False,-14.508509635925293,-3.6271274089813232
m3gnet,wbm-4-13882,Ba2 Ga1 Pd1,4,-13.621829986572266,False,-13.621829986572266,-3.4054574966430664
m3gnet,wbm-4-13883,Ba4 Ga4 Pd4,12,-48.324745178222656,False,-48.324745178222656,-4.027062098185222
m3gnet,wbm-4-13884,Cd3 Ga3 Pd3,9,-30.892080307006836,False,-30.892080307006836,-3.432453367445204
m3gnet,wbm-4-13885,Ga4 Hf4 Pd4,12,-80.86154174804688,False,-80.86154174804688,-6.738461812337239
m3gnet,wbm-4-13886,Ga1 In2 Pd1,4,-14.503292083740234,False,-14.503292083740234,-3.6258230209350586
m3gnet,wbm-4-13887,Ga4 In4 Pd4,12,-48.654815673828125,False,-48.654815673828125,-4.054567972819011
m3gnet,wbm-4-13888,Ga2 La2 Pd2,6,-31.293943405151367,False,-31.293943405151367,-5.2156572341918945
m3gnet,wbm-4-13889,Ga3 Pa3 Pd3,9,-58.49540710449219,False,-58.49540710449219,-6.49948967827691
m3gnet,wbm-4-13890,Ga4 Pa4 Pd4,12,-77.96359252929688,False,-77.96359252929688,-6.496966044108073
m3gnet,wbm-4-13891,Ga1 Pb2 Pd1,4,-15.7803316116333,False,-15.7803316116333,-3.945082902908325
m3gnet,wbm-4-13892,Ga2 Pd2 Pu2,6,-45.9195556640625,False,-45.9195556640625,-7.65325927734375
m3gnet,wbm-4-13893,Ga1 Pd1 Sn1,3,-13.49571418762207,False,-13.49571418762207,-4.498571395874023
m3gnet,wbm-4-13894,Ga1 Pd1 Tl2,4,-12.510732650756836,False,-12.510732650756836,-3.127683162689209
m3gnet,wbm-4-13895,Ga2 Pd2,4,-18.8298397064209,False,-18.8298397064209,-4.707459926605225
m3gnet,wbm-4-13896,Au1 Ga1 Pm2,4,-18.433029174804688,False,-18.433029174804688,-4.608257293701172
m3gnet,wbm-4-13897,Ga1 Ir1 Pm2,4,-23.714160919189453,False,-23.714160919189453,-5.928540229797363
m3gnet,wbm-4-13898,Ga1 Os1 Pm2,4,-24.62624740600586,False,-24.62624740600586,-6.156561851501465
m3gnet,wbm-4-13899,Au2 Ga1 Pm1,4,-16.97454833984375,False,-16.97454833984375,-4.2436370849609375
m3gnet,wbm-4-13900,Ga1 Ir2 Pm1,4,-28.335845947265625,False,-28.335845947265625,-7.083961486816406
m3gnet,wbm-4-13901,Ga1 Pm1 Pt2,4,-24.068737030029297,False,-24.068737030029297,-6.017184257507324
m3gnet,wbm-4-13902,Ga2 Pm2,4,-17.86015510559082,False,-17.86015510559082,-4.465038776397705
m3gnet,wbm-4-13903,Au2 Ga1 Pr2,5,-23.010976791381836,False,-23.010976791381836,-4.602195358276367
m3gnet,wbm-4-13904,Ga2 Ir4 Pr4,10,-67.86251068115234,False,-67.86251068115234,-6.786251068115234
m3gnet,wbm-4-13905,Ga1 Ir2 Pr2,5,-33.95592498779297,False,-33.95592498779297,-6.791184997558593
m3gnet,wbm-4-13906,Ga1 Os2 Pr2,5,-36.399375915527344,False,-36.399375915527344,-7.279875183105469
m3gnet,wbm-4-13907,Ga1 Pr2,3,-13.675088882446289,False,-13.675088882446289,-4.55836296081543
m3gnet,wbm-4-13908,Au2 Ga1 Pr1,4,-16.884946823120117,False,-16.884946823120117,-4.221236705780029
m3gnet,wbm-4-13909,Au2 Ga2 Pr2,6,-26.79041862487793,False,-26.79041862487793,-4.465069770812988
m3gnet,wbm-4-13910,Ga1 Ir2 Pr1,4,-28.193639755249023,False,-28.193639755249023,-7.048409938812256
m3gnet,wbm-4-13911,Ga2 Ir2 Pr2,6,-37.84279251098633,False,-37.84279251098633,-6.307132085164388
m3gnet,wbm-4-13912,Ga4 Ir4 Pr4,12,-75.42288970947266,False,-75.42288970947266,-6.285240809122722
m3gnet,wbm-4-13913,Ga2 Os2 Pr2,6,-40.34136962890625,False,-40.34136962890625,-6.723561604817708
m3gnet,wbm-4-13914,Ga4 Os4 Pr4,12,-80.27973175048828,False,-80.27973175048828,-6.689977645874023
m3gnet,wbm-4-13915,Ga1 Pr1 Pt2,4,-24.012592315673828,False,-24.012592315673828,-6.003148078918457
m3gnet,wbm-4-13916,Ga2 Pr2 Pt2,6,-33.83714294433594,False,-33.83714294433594,-5.639523824055989
m3gnet,wbm-4-13917,Ga1 Pr1,2,-8.979153633117676,False,-8.979153633117676,-4.489576816558838
m3gnet,wbm-4-13918,Ga2 Pr2,4,-17.958642959594727,False,-17.958642959594727,-4.489660739898682
m3gnet,wbm-4-13919,Ac1 Ga1 Pt2,4,-23.401039123535156,False,-23.401039123535156,-5.850259780883789
m3gnet,wbm-4-13920,Bi1 Ga1 Pt2,4,-20.953123092651367,False,-20.953123092651367,-5.238280773162842
m3gnet,wbm-4-13921,Ga2 Pa4 Pt4,10,-75.99471282958984,False,-75.99471282958984,-7.5994712829589846
m3gnet,wbm-4-13922,Ga2 Pa2 Pt4,8,-56.42986297607422,False,-56.42986297607422,-7.053732872009277
m3gnet,wbm-4-13923,Ga1 Pa1 Pt2,4,-28.200775146484375,False,-28.200775146484375,-7.050193786621094
m3gnet,wbm-4-13924,Ga1 Pt2 Pu2,5,-44.68020248413086,False,-44.68020248413086,-8.936040496826172
m3gnet,wbm-4-13925,Ga1 Pt2 Pu1,4,-29.736358642578125,False,-29.736358642578125,-7.434089660644531
m3gnet,wbm-4-13926,Ga1 Pt2 Th2,5,-35.370811462402344,False,-35.370811462402344,-7.074162292480469
m3gnet,wbm-4-13927,Ga1 Pt2 Th1,4,-26.845495223999023,False,-26.845495223999023,-6.711373805999756
m3gnet,wbm-4-13928,Ga1 Pt2 U2,5,-40.1912727355957,False,-40.1912727355957,-8.038254547119141
m3gnet,wbm-4-13929,Ga1 Pt2 U1,4,-28.64152717590332,False,-28.64152717590332,-7.16038179397583
m3gnet,wbm-4-13930,Ga1 Pt2 U1,4,-29.021913528442383,False,-29.021913528442383,-7.255478382110596
m3gnet,wbm-4-13931,Ga2 Np2 Pt2,6,-46.512996673583984,False,-46.512996673583984,-7.752166112263997
m3gnet,wbm-4-13932,Ga4 Np4 Pt4,12,-93.03165435791016,False,-93.03165435791016,-7.75263786315918
m3gnet,wbm-4-13933,Ga4 Pa4 Pt4,12,-83.33698272705078,False,-83.33698272705078,-6.944748560587565
m3gnet,wbm-4-13934,Ga3 Pb3 Pt3,9,-41.290584564208984,False,-41.290584564208984,-4.587842729356554
m3gnet,wbm-4-13935,Ga4 Pt4 Pu4,12,-96.16705322265625,False,-96.16705322265625,-8.013921101888021
m3gnet,wbm-4-13936,Ga2 Pt2 Th2,6,-39.133914947509766,False,-39.133914947509766,-6.522319157918294
m3gnet,wbm-4-13937,Ga2 Pu2,4,-34.060142517089844,False,-34.060142517089844,-8.515035629272461
m3gnet,wbm-4-13938,Ga3 Re3 U3,9,-80.75379943847656,False,-80.75379943847656,-8.972644382052952
m3gnet,wbm-4-13939,Ac1 Ga1 Rh2,4,-24.94605827331543,False,-24.94605827331543,-6.236514568328857
m3gnet,wbm-4-13940,Bi1 Ga1 Rh2,4,-22.946483612060547,False,-22.946483612060547,-5.736620903015137
m3gnet,wbm-4-13941,Ce1 Ga1 Rh2,4,-27.24862289428711,False,-27.24862289428711,-6.812155723571777
m3gnet,wbm-4-13942,Dy1 Ga1 Rh2,4,-25.645788192749023,False,-25.645788192749023,-6.411447048187256
m3gnet,wbm-4-13943,Er1 Ga1 Rh2,4,-25.773786544799805,False,-25.773786544799805,-6.443446636199951
m3gnet,wbm-4-13944,Ga1 Gd1 Rh2,4,-34.741939544677734,False,-34.741939544677734,-8.685484886169434
m3gnet,wbm-4-13945,Ga1 Hf2 Rh2,5,-41.81929016113281,False,-41.81929016113281,-8.363858032226563
m3gnet,wbm-4-13946,Ga1 Ho1 Rh2,4,-25.706989288330078,False,-25.706989288330078,-6.4267473220825195
m3gnet,wbm-4-13947,Ga1 In2 Rh2,5,-25.49195671081543,False,-25.49195671081543,-5.098391342163086
m3gnet,wbm-4-13948,Ga1 La1 Rh2,4,-25.975473403930664,False,-25.975473403930664,-6.493868350982666
m3gnet,wbm-4-13949,Ga1 Nd1 Rh2,4,-25.705801010131836,False,-25.705801010131836,-6.426450252532959
m3gnet,wbm-4-13950,Ga2 Nd2 Rh4,8,-50.850013732910156,False,-50.850013732910156,-6.3562517166137695
m3gnet,wbm-4-13951,Ga1 Np2 Rh2,5,-44.23292922973633,False,-44.23292922973633,-8.846585845947265
m3gnet,wbm-4-13952,Ga2 Np2 Rh4,8,-64.2634048461914,False,-64.2634048461914,-8.032925605773926
m3gnet,wbm-4-13953,Ga1 Pa1 Rh2,4,-30.342056274414062,False,-30.342056274414062,-7.585514068603516
m3gnet,wbm-4-13954,Ga1 Pd1 Rh2,4,-24.206953048706055,False,-24.206953048706055,-6.051738262176514
m3gnet,wbm-4-13955,Ga1 Pm1 Rh2,4,-25.755233764648438,False,-25.755233764648438,-6.438808441162109
m3gnet,wbm-4-13956,Ga1 Pr1 Rh2,4,-25.700191497802734,False,-25.700191497802734,-6.425047874450684
m3gnet,wbm-4-13957,Ga2 Pr2 Rh4,8,-50.83615493774414,False,-50.83615493774414,-6.354519367218018
m3gnet,wbm-4-13958,Ga1 Pu1 Rh2,4,-32.6233024597168,False,-32.6233024597168,-8.1558256149292
m3gnet,wbm-4-13959,Ga1 Pu1 Rh2,4,-32.523460388183594,False,-32.523460388183594,-8.130865097045898
m3gnet,wbm-4-13960,Ga1 Pu1 Rh2,4,-32.556060791015625,False,-32.556060791015625,-8.139015197753906
m3gnet,wbm-4-13961,Ga1 Rh2 Sm1,4,-25.729515075683594,False,-25.729515075683594,-6.432378768920898
m3gnet,wbm-4-13962,Ga1 Rh2 Ta2,5,-44.09202575683594,False,-44.09202575683594,-8.818405151367188
m3gnet,wbm-4-13963,Ga1 Rh2 Ta1,4,-32.28260040283203,False,-32.28260040283203,-8.070650100708008
m3gnet,wbm-4-13964,Ga1 Rh2 Tb1,4,-25.585346221923828,False,-25.585346221923828,-6.396336555480957
m3gnet,wbm-4-13965,Ga1 Rh2 Tm1,4,-25.768489837646484,False,-25.768489837646484,-6.442122459411621
m3gnet,wbm-4-13966,Ga1 Rh2 U1,4,-31.358516693115234,False,-31.358516693115234,-7.839629173278809
m3gnet,wbm-4-13967,Ga1 Rh2 Yb1,4,-22.217082977294922,False,-22.217082977294922,-5.5542707443237305
m3gnet,wbm-4-13968,Ga1 Rh3,4,-26.316967010498047,False,-26.316967010498047,-6.579241752624512
m3gnet,wbm-4-13969,Ce1 Ga1 Rh4,6,-41.42054748535156,False,-41.42054748535156,-6.903424580891927
m3gnet,wbm-4-13970,Ag2 Ga1 Rh1,4,-15.99091625213623,False,-15.99091625213623,-3.9977290630340576
m3gnet,wbm-4-13971,Ba2 Ga1 Rh1,4,-14.808317184448242,False,-14.808317184448242,-3.7020792961120605
m3gnet,wbm-4-13972,Ba4 Ga4 Rh4,12,-56.038414001464844,False,-56.038414001464844,-4.669867833455403
m3gnet,wbm-4-13973,Ce2 Ga1 Rh1,4,-24.77916717529297,False,-24.77916717529297,-6.194791793823242
m3gnet,wbm-4-13974,Dy2 Ga1 Rh1,4,-22.41650390625,False,-22.41650390625,-5.6041259765625
m3gnet,wbm-4-13975,Er2 Ga1 Rh1,4,-22.39143943786621,False,-22.39143943786621,-5.597859859466553
m3gnet,wbm-4-13976,Ga2 Gd2 Rh2,6,-53.789100646972656,False,-53.789100646972656,-8.964850107828775
m3gnet,wbm-4-13977,Ga4 Hf4 Rh4,12,-90.81688690185547,False,-90.81688690185547,-7.568073908487956
m3gnet,wbm-4-13978,Ga1 Ho2 Rh1,4,-22.418720245361328,False,-22.418720245361328,-5.604680061340332
m3gnet,wbm-4-13979,Ga1 In2 Rh1,4,-16.452518463134766,False,-16.452518463134766,-4.113129615783691
m3gnet,wbm-4-13980,Ga4 In4 Rh4,12,-57.4781379699707,False,-57.4781379699707,-4.789844830830892
m3gnet,wbm-4-13981,Ga1 La2 Rh1,4,-22.75374984741211,False,-22.75374984741211,-5.688437461853027
m3gnet,wbm-4-13982,Ga1 Nd2 Rh1,4,-22.269224166870117,False,-22.269224166870117,-5.567306041717529
m3gnet,wbm-4-13983,Ga3 Pa3 Rh3,9,-65.31853485107422,False,-65.31853485107422,-7.257614983452691
m3gnet,wbm-4-13984,Ga4 Pa4 Rh4,12,-87.03591918945312,False,-87.03591918945312,-7.252993265787761
m3gnet,wbm-4-13985,Ga1 Pb2 Rh1,4,-17.53367805480957,False,-17.53367805480957,-4.383419513702393
m3gnet,wbm-4-13986,Ga1 Pd2 Rh1,4,-22.286117553710938,False,-22.286117553710938,-5.571529388427734
m3gnet,wbm-4-13987,Ga1 Pd2 Rh1,4,-22.28615379333496,False,-22.28615379333496,-5.57153844833374
m3gnet,wbm-4-13988,Ga1 Pr2 Rh1,4,-22.193809509277344,False,-22.193809509277344,-5.548452377319336
m3gnet,wbm-4-13989,Ga1 Pu2 Rh1,4,-39.82756423950195,False,-39.82756423950195,-9.956891059875488
m3gnet,wbm-4-13990,Ga1 Rh1 Sm2,4,-22.337017059326172,False,-22.337017059326172,-5.584254264831543
m3gnet,wbm-4-13991,Ga3 Rh3 Ta3,9,-71.74931335449219,False,-71.74931335449219,-7.97214592827691
m3gnet,wbm-4-13992,Ga1 Rh1 Tb2,4,-22.362272262573242,False,-22.362272262573242,-5.5905680656433105
m3gnet,wbm-4-13993,Ga2 Rh2 Te4,8,-35.66842269897461,False,-35.66842269897461,-4.458552837371826
m3gnet,wbm-4-13994,Ga1 Rh1 Tl2,4,-14.323541641235352,False,-14.323541641235352,-3.580885410308838
m3gnet,wbm-4-13995,Ga1 Rh1 Tm2,4,-22.321802139282227,False,-22.321802139282227,-5.580450534820557
m3gnet,wbm-4-13996,Ga2 Rh2,4,-23.564435958862305,False,-23.564435958862305,-5.891108989715576
m3gnet,wbm-4-13997,Ga1 Rh1 Yb2,4,-15.331766128540039,False,-15.331766128540039,-3.8329415321350098
m3gnet,wbm-4-13998,Ac1 Ga1 Ru2,4,-26.799274444580078,False,-26.799274444580078,-6.6998186111450195
m3gnet,wbm-4-13999,Ba1 Ga1 Ru2,4,-20.841379165649414,False,-20.841379165649414,-5.2103447914123535
m3gnet,wbm-4-14000,Ba1 Ga1 Ru2,4,-23.793155670166016,False,-23.793155670166016,-5.948288917541504
m3gnet,wbm-4-14001,Ce2 Ga1 Ru2,5,-36.24598693847656,False,-36.24598693847656,-7.249197387695313
m3gnet,wbm-4-14002,Ce1 Ga1 Ru2,4,-29.218990325927734,False,-29.218990325927734,-7.304747581481934
m3gnet,wbm-4-14003,Ce2 Ga2 Ru4,8,-58.840415954589844,False,-58.840415954589844,-7.3550519943237305
m3gnet,wbm-4-14004,Ce1 Ga1 Ru2,4,-29.21879005432129,False,-29.21879005432129,-7.304697513580322
m3gnet,wbm-4-14005,Dy2 Ga1 Ru2,5,-33.56779861450195,False,-33.56779861450195,-6.71355972290039
m3gnet,wbm-4-14006,Dy1 Ga1 Ru2,4,-27.46857261657715,False,-27.46857261657715,-6.867143154144287
m3gnet,wbm-4-14007,Dy1 Ga1 Ru2,4,-27.468463897705078,False,-27.468463897705078,-6.8671159744262695
m3gnet,wbm-4-14008,Er2 Ga1 Ru2,5,-33.64421463012695,False,-33.64421463012695,-6.728842926025391
m3gnet,wbm-4-14009,Er1 Ga1 Ru2,4,-27.519786834716797,False,-27.519786834716797,-6.879946708679199
m3gnet,wbm-4-14010,Er1 Ga1 Ru2,4,-27.51979637145996,False,-27.51979637145996,-6.87994909286499
m3gnet,wbm-4-14011,Eu2 Ga1 Ru2,5,-43.368812561035156,False,-43.368812561035156,-8.67376251220703
m3gnet,wbm-4-14012,Eu1 Ga1 Ru2,4,-31.8918514251709,False,-31.8918514251709,-7.972962856292725
m3gnet,wbm-4-14013,Ga1 Gd2 Ru2,5,-52.105831146240234,False,-52.105831146240234,-10.421166229248048
m3gnet,wbm-4-14014,Ga1 Gd1 Ru2,4,-36.686214447021484,False,-36.686214447021484,-9.171553611755371
m3gnet,wbm-4-14015,Ga1 Hf1 Ru2,4,-34.16249084472656,False,-34.16249084472656,-8.54062271118164
m3gnet,wbm-4-14016,Ga1 Ho2 Ru2,5,-33.57136535644531,False,-33.57136535644531,-6.714273071289062
m3gnet,wbm-4-14017,Ga1 Ho1 Ru2,4,-27.475080490112305,False,-27.475080490112305,-6.868770122528076
m3gnet,wbm-4-14018,Ga1 Ho1 Ru2,4,-27.475021362304688,False,-27.475021362304688,-6.868755340576172
m3gnet,wbm-4-14019,Ga1 In1 Ru2,4,-24.317678451538086,False,-24.317678451538086,-6.0794196128845215
m3gnet,wbm-4-14020,Ga1 La2 Ru2,5,-33.75582504272461,False,-33.75582504272461,-6.7511650085449215
m3gnet,wbm-4-14021,Ga1 La1 Ru2,4,-27.218778610229492,False,-27.218778610229492,-6.804694652557373
m3gnet,wbm-4-14022,Ga1 La1 Ru2,4,-27.214576721191406,False,-27.214576721191406,-6.803644180297852
m3gnet,wbm-4-14023,Ga1 Lu1 Ru2,4,-27.694719314575195,False,-27.694719314575195,-6.923679828643799
m3gnet,wbm-4-14024,Ga1 Lu1 Ru2,4,-27.6871395111084,False,-27.6871395111084,-6.9217848777771
m3gnet,wbm-4-14025,Ga1 Nd2 Ru2,5,-33.212562561035156,False,-33.212562561035156,-6.642512512207031
m3gnet,wbm-4-14026,Ga1 Nd1 Ru2,4,-27.05628776550293,False,-27.05628776550293,-6.764071941375732
m3gnet,wbm-4-14027,Ga1 Nd1 Ru2,4,-27.05510139465332,False,-27.05510139465332,-6.76377534866333
m3gnet,wbm-4-14028,Ga1 Np1 Ru2,4,-35.54618453979492,False,-35.54618453979492,-8.88654613494873
m3gnet,wbm-4-14029,Ga1 Np1 Ru2,4,-35.544979095458984,False,-35.544979095458984,-8.886244773864746
m3gnet,wbm-4-14030,Ga1 Pb1 Ru2,4,-24.84879493713379,False,-24.84879493713379,-6.212198734283447
m3gnet,wbm-4-14031,Ga1 Pr2 Ru2,5,-33.13358688354492,False,-33.13358688354492,-6.626717376708984
m3gnet,wbm-4-14032,Ga1 Pr1 Ru2,4,-26.944068908691406,False,-26.944068908691406,-6.736017227172852
m3gnet,wbm-4-14033,Ga1 Pr1 Ru2,4,-26.942001342773438,False,-26.942001342773438,-6.735500335693359
m3gnet,wbm-4-14034,Ga1 Pu2 Ru2,5,-48.68971633911133,False,-48.68971633911133,-9.737943267822265
m3gnet,wbm-4-14035,Ga1 Pu2 Ru2,5,-49.4442024230957,False,-49.4442024230957,-9.888840484619141
m3gnet,wbm-4-14036,Ga1 Ru2 Sm2,5,-33.307861328125,False,-33.307861328125,-6.661572265625
m3gnet,wbm-4-14037,Ga1 Ru2 Sm1,4,-27.220497131347656,False,-27.220497131347656,-6.805124282836914
m3gnet,wbm-4-14038,Ga1 Ru2 Sm1,4,-27.22022247314453,False,-27.22022247314453,-6.805055618286133
m3gnet,wbm-4-14039,Ga1 Ru2 Ta1,4,-35.75341033935547,False,-35.75341033935547,-8.938352584838867
m3gnet,wbm-4-14040,Ga1 Ru2 Tb2,5,-33.528541564941406,False,-33.528541564941406,-6.705708312988281
m3gnet,wbm-4-14041,Ga1 Ru2 Tb1,4,-27.332548141479492,False,-27.332548141479492,-6.833137035369873
m3gnet,wbm-4-14042,Ga2 Ru4 Tb2,8,-55.65359878540039,False,-55.65359878540039,-6.956699848175049
m3gnet,wbm-4-14043,Ga1 Ru2 Tb1,4,-27.332548141479492,False,-27.332548141479492,-6.833137035369873
m3gnet,wbm-4-14044,Ga1 Ru2 Th2,5,-39.54679870605469,False,-39.54679870605469,-7.909359741210937
m3gnet,wbm-4-14045,Ga1 Ru2 Th1,4,-30.706735610961914,False,-30.706735610961914,-7.6766839027404785
m3gnet,wbm-4-14046,Ga1 Ru2 Th1,4,-30.706220626831055,False,-30.706220626831055,-7.676555156707764
m3gnet,wbm-4-14047,Ga1 Ru2 Tm2,5,-33.52483367919922,False,-33.52483367919922,-6.704966735839844
m3gnet,wbm-4-14048,Ga1 Ru2 Tm1,4,-27.552778244018555,False,-27.552778244018555,-6.888194561004639
m3gnet,wbm-4-14049,Ga1 Ru2 Tm1,4,-27.552703857421875,False,-27.552703857421875,-6.888175964355469
m3gnet,wbm-4-14050,Ga1 Ru2 U2,5,-45.61188507080078,False,-45.61188507080078,-9.122377014160156
m3gnet,wbm-4-14051,Ga1 Ru2 U1,4,-34.4432487487793,False,-34.4432487487793,-8.610812187194824
m3gnet,wbm-4-14052,Ga1 Ru2 Yb2,5,-26.299571990966797,False,-26.299571990966797,-5.259914398193359
m3gnet,wbm-4-14053,Ga1 Ru2 Yb1,4,-23.50597381591797,False,-23.50597381591797,-5.876493453979492
m3gnet,wbm-4-14054,Ga1 Ru2 Yb1,4,-23.506074905395508,False,-23.506074905395508,-5.876518726348877
m3gnet,wbm-4-14055,Ba3 Ga3 Ru3,9,-42.04561233520508,False,-42.04561233520508,-4.6717347039116754
m3gnet,wbm-4-14056,Ba4 Ga4 Ru4,12,-59.047367095947266,False,-59.047367095947266,-4.920613924662272
m3gnet,wbm-4-14057,Ba4 Ga4 Ru4,12,-57.66305923461914,False,-57.66305923461914,-4.805254936218262
m3gnet,wbm-4-14058,Ce4 Ga4 Ru4,12,-80.20460510253906,False,-80.20460510253906,-6.683717091878255
m3gnet,wbm-4-14059,Dy4 Ga4 Ru4,12,-74.8262710571289,False,-74.8262710571289,-6.235522588094075
m3gnet,wbm-4-14060,Er4 Ga4 Ru4,12,-74.68466186523438,False,-74.68466186523438,-6.223721822102864
m3gnet,wbm-4-14061,Eu2 Ga2 Ru2,6,-47.27360916137695,False,-47.27360916137695,-7.878934860229492
m3gnet,wbm-4-14062,Ga4 Gd4 Ru4,12,-111.56197357177734,False,-111.56197357177734,-9.296831130981445
m3gnet,wbm-4-14063,Ga4 Ho4 Ru4,12,-74.78529357910156,False,-74.78529357910156,-6.232107798258464
m3gnet,wbm-4-14064,Ga4 La4 Ru4,12,-75.30180358886719,False,-75.30180358886719,-6.275150299072266
m3gnet,wbm-4-14065,Ga4 Nd4 Ru4,12,-74.29126739501953,False,-74.29126739501953,-6.190938949584961
m3gnet,wbm-4-14066,Ga4 Np4 Ru4,12,-102.64238739013672,False,-102.64238739013672,-8.553532282511393
m3gnet,wbm-4-14067,Ga2 Pa2 Ru2,6,-46.53065490722656,False,-46.53065490722656,-7.755109151204427
m3gnet,wbm-4-14068,Ga3 Pa3 Ru3,9,-69.97674560546875,False,-69.97674560546875,-7.775193956163195
m3gnet,wbm-4-14069,Ga1 Pm2 Ru1,4,-23.137401580810547,False,-23.137401580810547,-5.784350395202637
m3gnet,wbm-4-14070,Ga4 Pr4 Ru4,12,-74.08985900878906,False,-74.08985900878906,-6.174154917399089
m3gnet,wbm-4-14071,Ga2 Pu2 Ru2,6,-53.189964294433594,False,-53.189964294433594,-8.864994049072266
m3gnet,wbm-4-14072,Ga4 Pu4 Ru4,12,-106.88826751708984,False,-106.88826751708984,-8.907355626424154
m3gnet,wbm-4-14073,Ga4 Ru4 Sm4,12,-74.47959899902344,False,-74.47959899902344,-6.20663324991862
m3gnet,wbm-4-14074,Ga3 Ru3 Ta3,9,-76.93679809570312,False,-76.93679809570312,-8.548533121744791
m3gnet,wbm-4-14075,Ga4 Ru4 Tb4,12,-74.6380615234375,False,-74.6380615234375,-6.219838460286458
m3gnet,wbm-4-14076,Ga4 Ru4 Th4,12,-86.27635192871094,False,-86.27635192871094,-7.189695994059245
m3gnet,wbm-4-14077,Ga4 Ru4 Tm4,12,-74.57645416259766,False,-74.57645416259766,-6.214704513549805
m3gnet,wbm-4-14078,Ga2 Ru2 U2,6,-49.13903045654297,False,-49.13903045654297,-8.189838409423828
m3gnet,wbm-4-14079,Ga4 Ru4 U4,12,-98.4875717163086,False,-98.4875717163086,-8.207297643025717
m3gnet,wbm-4-14080,Ag1 Ga1 Se2,4,-12.53254222869873,False,-12.53254222869873,-3.1331355571746826
m3gnet,wbm-4-14081,Au1 Ga1 Se2,4,-12.60318660736084,False,-12.60318660736084,-3.15079665184021
m3gnet,wbm-4-14082,Ga1 Ir1 Se2,4,-17.22553253173828,False,-17.22553253173828,-4.30638313293457
m3gnet,wbm-4-14083,Ga1 Pa1 Se2,4,-22.809226989746094,False,-22.809226989746094,-5.702306747436523
m3gnet,wbm-4-14084,Ga2 Rb2 Se4,8,-29.72423553466797,False,-29.72423553466797,-3.715529441833496
m3gnet,wbm-4-14085,Ga1 Se2 Sn1,4,-14.715619087219238,False,-14.715619087219238,-3.6789047718048096
m3gnet,wbm-4-14086,Ga2 Se4 Zr2,8,-44.15456771850586,False,-44.15456771850586,-5.519320964813232
m3gnet,wbm-4-14087,Ga2 Pd2 Se6 U2,12,-68.9808578491211,False,-68.9808578491211,-5.748404820760091
m3gnet,wbm-4-14088,Ga2 Pt2 Se6 U2,12,-71.0572509765625,False,-71.0572509765625,-5.921437581380208
m3gnet,wbm-4-14089,Ga2 Rh2 Se6 U2,12,-73.06742095947266,False,-73.06742095947266,-6.088951746622722
m3gnet,wbm-4-14090,Au2 Ga1 Se1,4,-13.50567626953125,False,-13.50567626953125,-3.3764190673828125
m3gnet,wbm-4-14091,Au4 Ga4 Se4,12,-40.513755798339844,False,-40.513755798339844,-3.3761463165283203
m3gnet,wbm-4-14092,Br2 Ga2 Se2,6,-20.626075744628906,False,-20.626075744628906,-3.4376792907714844
m3gnet,wbm-4-14093,Ga1 Ir2 Se1,4,-24.47525405883789,False,-24.47525405883789,-6.118813514709473
m3gnet,wbm-4-14094,Ga1 Pd2 Se1,4,-18.91013526916504,False,-18.91013526916504,-4.72753381729126
m3gnet,wbm-4-14095,Ga1 Pt2 Se1,4,-20.571834564208984,False,-20.571834564208984,-5.142958641052246
m3gnet,wbm-4-14096,Ga1 Rh2 Se1,4,-22.570884704589844,False,-22.570884704589844,-5.642721176147461
m3gnet,wbm-4-14097,Au2 Ga1 Sm2,5,-22.97100830078125,False,-22.97100830078125,-4.59420166015625
m3gnet,wbm-4-14098,Ga2 Ir4 Sm4,10,-68.35625457763672,False,-68.35625457763672,-6.835625457763672
m3gnet,wbm-4-14099,Ga1 Ir2 Sm2,5,-34.205162048339844,False,-34.205162048339844,-6.841032409667969
m3gnet,wbm-4-14100,Ga1 Os2 Sm2,5,-36.60176086425781,False,-36.60176086425781,-7.320352172851562
m3gnet,wbm-4-14101,Ga1 Pt2 Sm2,5,-29.98671531677246,False,-29.98671531677246,-5.997343063354492
m3gnet,wbm-4-14102,Ga1 Sm2,3,-13.626070976257324,False,-13.626070976257324,-4.542023658752441
m3gnet,wbm-4-14103,Au2 Ga1 Sm1,4,-16.865266799926758,False,-16.865266799926758,-4.2163166999816895
m3gnet,wbm-4-14104,Ga1 Ir2 Sm1,4,-28.31502914428711,False,-28.31502914428711,-7.078757286071777
m3gnet,wbm-4-14105,Ga2 Ir2 Sm2,6,-37.91910934448242,False,-37.91910934448242,-6.319851557413737
m3gnet,wbm-4-14106,Ga4 Ir4 Sm4,12,-75.78781127929688,False,-75.78781127929688,-6.315650939941406
m3gnet,wbm-4-14107,Ga2 Os2 Sm2,6,-40.49623489379883,False,-40.49623489379883,-6.749372482299805
m3gnet,wbm-4-14108,Ga4 Os4 Sm4,12,-80.7317886352539,False,-80.7317886352539,-6.727649052937825
m3gnet,wbm-4-14109,Ga1 Pt2 Sm1,4,-24.04200553894043,False,-24.04200553894043,-6.010501384735107
m3gnet,wbm-4-14110,Ga2 Pt2 Sm2,6,-33.87973403930664,False,-33.87973403930664,-5.64662233988444
m3gnet,wbm-4-14111,Ga2 Sm2,4,-17.95144271850586,False,-17.95144271850586,-4.487860679626465
m3gnet,wbm-4-14112,Ac2 Ga1 Sn1,4,-17.535825729370117,False,-17.535825729370117,-4.383956432342529
m3gnet,wbm-4-14113,Au4 Ga4 Sn4,12,-43.23802185058594,False,-43.23802185058594,-3.603168487548828
m3gnet,wbm-4-14114,Bi2 Ga1 Sn1,4,-14.224428176879883,False,-14.224428176879883,-3.5561070442199707
m3gnet,wbm-4-14115,Ce2 Ga1 Sn1,4,-21.242904663085938,False,-21.242904663085938,-5.310726165771484
m3gnet,wbm-4-14116,Dy2 Ga1 Sn1,4,-19.15582275390625,False,-19.15582275390625,-4.7889556884765625
m3gnet,wbm-4-14117,Er2 Ga1 Sn1,4,-18.970884323120117,False,-18.970884323120117,-4.742721080780029
m3gnet,wbm-4-14118,Eu2 Ga1 Sn1,4,-30.095378875732422,False,-30.095378875732422,-7.5238447189331055
m3gnet,wbm-4-14119,Ga1 Gd2 Sn1,4,-37.962955474853516,False,-37.962955474853516,-9.490738868713379
m3gnet,wbm-4-14120,Ga1 Ho2 Sn1,4,-19.08708953857422,False,-19.08708953857422,-4.771772384643555
m3gnet,wbm-4-14121,Ga3 Ir3 Sn3,9,-50.51857376098633,False,-50.51857376098633,-5.613174862331814
m3gnet,wbm-4-14122,Ga1 La2 Sn1,4,-19.785173416137695,False,-19.785173416137695,-4.946293354034424
m3gnet,wbm-4-14123,Ga2 La2 Sn2,6,-28.268043518066406,False,-28.268043518066406,-4.711340586344401
m3gnet,wbm-4-14124,Ga1 Lu2 Sn1,4,-18.730072021484375,False,-18.730072021484375,-4.682518005371094
m3gnet,wbm-4-14125,Ga1 Nd2 Sn1,4,-19.35698699951172,False,-19.35698699951172,-4.83924674987793
m3gnet,wbm-4-14126,Ga1 Np2 Sn1,4,-32.67880630493164,False,-32.67880630493164,-8.16970157623291
m3gnet,wbm-4-14127,Ga1 Pm2 Sn1,4,-19.117708206176758,False,-19.117708206176758,-4.7794270515441895
m3gnet,wbm-4-14128,Ga1 Pr2 Sn1,4,-19.33438491821289,False,-19.33438491821289,-4.833596229553223
m3gnet,wbm-4-14129,Ga2 Pr2 Sn2,6,-27.723024368286133,False,-27.723024368286133,-4.620504061381022
m3gnet,wbm-4-14130,Ga2 Pt4 Sn2,8,-43.38838195800781,False,-43.38838195800781,-5.423547744750977
m3gnet,wbm-4-14131,Ga3 Pt3 Sn3,9,-43.693668365478516,False,-43.693668365478516,-4.854852040608724
m3gnet,wbm-4-14132,Ga1 Pu2 Sn1,4,-36.71890640258789,False,-36.71890640258789,-9.179726600646973
m3gnet,wbm-4-14133,Ga1 Sm2 Sn1,4,-19.30706787109375,False,-19.30706787109375,-4.8267669677734375
m3gnet,wbm-4-14134,Ga1 Sn1 Ta2,4,-31.29413604736328,False,-31.29413604736328,-7.82353401184082
m3gnet,wbm-4-14135,Ga1 Sn1 Tb2,4,-19.202972412109375,False,-19.202972412109375,-4.800743103027344
m3gnet,wbm-4-14136,Ga1 Sn1 Tm2,4,-18.774654388427734,False,-18.774654388427734,-4.693663597106934
m3gnet,wbm-4-14137,Ga1 Sn1 U2,4,-29.052654266357422,False,-29.052654266357422,-7.2631635665893555
m3gnet,wbm-4-14138,Ga1 Sn1 Yb2,4,-12.694280624389648,False,-12.694280624389648,-3.173570156097412
m3gnet,wbm-4-14139,Au4 Ga2 Sr4,10,-32.62910461425781,False,-32.62910461425781,-3.2629104614257813
m3gnet,wbm-4-14140,Ga1 Ir2 Sr2,5,-26.4608154296875,False,-26.4608154296875,-5.2921630859375
m3gnet,wbm-4-14141,Ga1 Pd2 Sr2,5,-20.177824020385742,False,-20.177824020385742,-4.035564804077149
m3gnet,wbm-4-14142,Ga1 Pd1 Sr2,4,-13.58090591430664,False,-13.58090591430664,-3.39522647857666
m3gnet,wbm-4-14143,Ga1 Pt2 Sr2,5,-22.750328063964844,False,-22.750328063964844,-4.550065612792968
m3gnet,wbm-4-14144,Ga1 Rh1 Sr2,4,-14.64392375946045,False,-14.64392375946045,-3.6609809398651123
m3gnet,wbm-4-14145,Ga1 Sr2,3,-7.189960956573486,False,-7.189960956573486,-2.396653652191162
m3gnet,wbm-4-14146,Au2 Ga2 Sr2,6,-20.145612716674805,False,-20.145612716674805,-3.357602119445801
m3gnet,wbm-4-14147,Ga2 Ir2 Sr2,6,-30.40704345703125,False,-30.40704345703125,-5.067840576171875
m3gnet,wbm-4-14148,Ga2 Ir2 Sr2,6,-30.41764259338379,False,-30.41764259338379,-5.069607098897298
m3gnet,wbm-4-14149,Ga2 Os2 Sr2,6,-32.737060546875,False,-32.737060546875,-5.4561767578125
m3gnet,wbm-4-14150,Ga2 Pt2 Sr2,6,-26.67371940612793,False,-26.67371940612793,-4.445619901021321
m3gnet,wbm-4-14151,Ga4 Pt4 Sr4,12,-53.40230941772461,False,-53.40230941772461,-4.450192451477051
m3gnet,wbm-4-14152,Ga1 Ru2 Sr1,4,-21.753768920898438,False,-21.753768920898438,-5.438442230224609
m3gnet,wbm-4-14153,Ga2 Ru2 Sr2,6,-29.358102798461914,False,-29.358102798461914,-4.893017133076985
m3gnet,wbm-4-14154,Ga3 Ru3 Sr3,9,-43.172237396240234,False,-43.172237396240234,-4.796915266248915
m3gnet,wbm-4-14155,Ga2 Sr2,4,-10.9693603515625,False,-10.9693603515625,-2.742340087890625
m3gnet,wbm-4-14156,Ga4 Sr4 Yb4,12,-29.101119995117188,False,-29.101119995117188,-2.425093332926432
m3gnet,wbm-4-14157,Au1 Ga1 Ta2,4,-30.540977478027344,False,-30.540977478027344,-7.635244369506836
m3gnet,wbm-4-14158,Ga1 Ir1 Ta2,4,-37.35276412963867,False,-37.35276412963867,-9.338191032409668
m3gnet,wbm-4-14159,Bi2 Ga1 Ta6,9,-80.46953582763672,False,-80.46953582763672,-8.94105953640408
m3gnet,wbm-4-14160,Au2 Ga1 Ta1,4,-22.025665283203125,False,-22.025665283203125,-5.506416320800781
m3gnet,wbm-4-14161,Au2 Ga1 Ta1,4,-22.027463912963867,False,-22.027463912963867,-5.506865978240967
m3gnet,wbm-4-14162,Au4 Ga4 Ta4,12,-74.9605712890625,False,-74.9605712890625,-6.246714274088542
m3gnet,wbm-4-14163,Au2 Ga2 Ta2,6,-37.48256301879883,False,-37.48256301879883,-6.247093836466472
m3gnet,wbm-4-14164,Ga1 Ir2 Ta1,4,-35.076019287109375,False,-35.076019287109375,-8.769004821777344
m3gnet,wbm-4-14165,Ga3 Os3 Ta3,9,-81.993408203125,False,-81.993408203125,-9.11037868923611
m3gnet,wbm-4-14166,Ga1 Pt2 Ta1,4,-29.51004981994629,False,-29.51004981994629,-7.377512454986572
m3gnet,wbm-4-14167,Ga3 Pt3 Ta3,9,-68.7813720703125,False,-68.7813720703125,-7.642374674479167
m3gnet,wbm-4-14168,Au4 Ga2 Tb4,10,-45.70756530761719,False,-45.70756530761719,-4.570756530761718
m3gnet,wbm-4-14169,Ga2 Ir4 Tb4,10,-68.73067474365234,False,-68.73067474365234,-6.873067474365234
m3gnet,wbm-4-14170,Ga1 Ir2 Tb2,5,-34.3980598449707,False,-34.3980598449707,-6.879611968994141
m3gnet,wbm-4-14171,Ga1 Pt2 Tb2,5,-30.132558822631836,False,-30.132558822631836,-6.026511764526367
m3gnet,wbm-4-14172,Ga1 Tb2,3,-13.471200942993164,False,-13.471200942993164,-4.490400314331055
m3gnet,wbm-4-14173,Bi2 Ga1 Tb6,9,-43.85772705078125,False,-43.85772705078125,-4.873080783420139
m3gnet,wbm-4-14174,Au2 Ga1 Tb1,4,-16.853397369384766,False,-16.853397369384766,-4.213349342346191
m3gnet,wbm-4-14175,Au2 Ga2 Tb2,6,-26.678613662719727,False,-26.678613662719727,-4.446435610453288
m3gnet,wbm-4-14176,Ga1 Ir2 Tb1,4,-28.40814781188965,False,-28.40814781188965,-7.102036952972412
m3gnet,wbm-4-14177,Ga2 Os2 Tb2,6,-40.4184455871582,False,-40.4184455871582,-6.7364075978597
m3gnet,wbm-4-14178,Ga1 Pt2 Tb1,4,-24.083574295043945,False,-24.083574295043945,-6.020893573760986
m3gnet,wbm-4-14179,Ga2 Pt2 Tb2,6,-33.91376876831055,False,-33.91376876831055,-5.652294794718425
m3gnet,wbm-4-14180,Ga2 Tb2,4,-17.876131057739258,False,-17.876131057739258,-4.4690327644348145
m3gnet,wbm-4-14181,Dy1 Ga1 Te2,4,-17.0828800201416,False,-17.0828800201416,-4.2707200050354
m3gnet,wbm-4-14182,Er1 Ga1 Te2,4,-17.025283813476562,False,-17.025283813476562,-4.256320953369141
m3gnet,wbm-4-14183,Ga1 Gd1 Te2,4,-26.71524429321289,False,-26.71524429321289,-6.678811073303223
m3gnet,wbm-4-14184,Ga1 Ho1 Te2,4,-17.018789291381836,False,-17.018789291381836,-4.254697322845459
m3gnet,wbm-4-14185,Ga1 Pa1 Te2,4,-20.236618041992188,False,-20.236618041992188,-5.059154510498047
m3gnet,wbm-4-14186,Ga1 Pm1 Te2,4,-17.352567672729492,False,-17.352567672729492,-4.338141918182373
m3gnet,wbm-4-14187,Ga2 Pt2 Te4,8,-34.09077453613281,False,-34.09077453613281,-4.261346817016602
m3gnet,wbm-4-14188,Ga1 Sm1 Te2,4,-17.33172607421875,False,-17.33172607421875,-4.3329315185546875
m3gnet,wbm-4-14189,Ga1 Tb1 Te2,4,-17.17592430114746,False,-17.17592430114746,-4.293981075286865
m3gnet,wbm-4-14190,Ga1 Te2 Tm1,4,-16.803449630737305,False,-16.803449630737305,-4.200862407684326
m3gnet,wbm-4-14191,Ga2 I2 Te2,6,-17.971914291381836,False,-17.971914291381836,-2.995319048563639
m3gnet,wbm-4-14192,Ga1 Th2,3,-18.786054611206055,False,-18.786054611206055,-6.262018203735352
m3gnet,wbm-4-14193,Ga1 Th1,2,-11.502971649169922,False,-11.502971649169922,-5.751485824584961
m3gnet,wbm-4-14194,Ga2 Tl2,4,-10.190628051757812,False,-10.190628051757812,-2.547657012939453
m3gnet,wbm-4-14195,Au4 Ga2 Tm4,10,-45.316959381103516,False,-45.316959381103516,-4.531695938110351
m3gnet,wbm-4-14196,Ga2 Ir4 Tm4,10,-68.63845825195312,False,-68.63845825195312,-6.8638458251953125
m3gnet,wbm-4-14197,Ga1 Ir2 Tm2,5,-34.386600494384766,False,-34.386600494384766,-6.877320098876953
m3gnet,wbm-4-14198,Ga1 Os2 Tm2,5,-36.65226364135742,False,-36.65226364135742,-7.330452728271484
m3gnet,wbm-4-14199,Ga1 Pt2 Tm2,5,-30.020193099975586,False,-30.020193099975586,-6.004038619995117
m3gnet,wbm-4-14200,Bi2 Ga1 Tm6,9,-42.47800064086914,False,-42.47800064086914,-4.71977784898546
m3gnet,wbm-4-14201,Au2 Ga1 Tm1,4,-16.715421676635742,False,-16.715421676635742,-4.1788554191589355
m3gnet,wbm-4-14202,Au2 Ga2 Tm2,6,-26.37554931640625,False,-26.37554931640625,-4.395924886067708
m3gnet,wbm-4-14203,Ga1 Ir2 Tm1,4,-27.652177810668945,False,-27.652177810668945,-6.913044452667236
m3gnet,wbm-4-14204,Ga2 Os2 Tm2,6,-40.060791015625,False,-40.060791015625,-6.676798502604167
m3gnet,wbm-4-14205,Ga4 Os4 Tm4,12,-80.4424057006836,False,-80.4424057006836,-6.7035338083903
m3gnet,wbm-4-14206,Ga1 Pt2 Tm1,4,-23.981046676635742,False,-23.981046676635742,-5.9952616691589355
m3gnet,wbm-4-14207,Ga2 Pt2 Tm2,6,-33.7292366027832,False,-33.7292366027832,-5.6215394337972
m3gnet,wbm-4-14208,Ga2 Tm2,4,-17.594202041625977,False,-17.594202041625977,-4.398550510406494
m3gnet,wbm-4-14209,Ga1 U2,3,-25.496042251586914,False,-25.496042251586914,-8.49868075052897
m3gnet,wbm-4-14210,Au4 Ga2 Y4,10,-53.38880157470703,False,-53.38880157470703,-5.338880157470703
m3gnet,wbm-4-14211,Ga2 Ir4 Y4,10,-76.09272766113281,False,-76.09272766113281,-7.609272766113281
m3gnet,wbm-4-14212,Ga1 Rh1 Y2,4,-26.103593826293945,False,-26.103593826293945,-6.525898456573486
m3gnet,wbm-4-14213,Ga1 Sn1 Y2,4,-23.012935638427734,False,-23.012935638427734,-5.753233909606934
m3gnet,wbm-4-14214,Au2 Ga1 Y1,4,-18.720914840698242,False,-18.720914840698242,-4.6802287101745605
m3gnet,wbm-4-14215,Au2 Ga2 Y2,6,-30.406158447265625,False,-30.406158447265625,-5.0676930745442705
m3gnet,wbm-4-14216,Au2 Ga1 Yb2,5,-16.89904022216797,False,-16.89904022216797,-3.379808044433594
m3gnet,wbm-4-14217,Ga1 Ir2 Yb2,5,-27.350210189819336,False,-27.350210189819336,-5.470042037963867
m3gnet,wbm-4-14218,Ga2 Os4 Yb4,10,-58.50273132324219,False,-58.50273132324219,-5.850273132324219
m3gnet,wbm-4-14219,Ga1 Os2 Yb2,5,-29.417591094970703,False,-29.417591094970703,-5.883518218994141
m3gnet,wbm-4-14220,Au2 Ga1 Yb1,4,-13.691488265991211,False,-13.691488265991211,-3.4228720664978027
m3gnet,wbm-4-14221,Au2 Ga2 Yb2,6,-20.437116622924805,False,-20.437116622924805,-3.406186103820801
m3gnet,wbm-4-14222,Ga1 Ir2 Yb1,4,-24.253787994384766,False,-24.253787994384766,-6.063446998596191
m3gnet,wbm-4-14223,Ga2 Ir2 Yb2,6,-30.90199851989746,False,-30.90199851989746,-5.150333086649577
m3gnet,wbm-4-14224,Ga2 Os2 Yb2,6,-33.1525764465332,False,-33.1525764465332,-5.525429407755534
m3gnet,wbm-4-14225,Ga3 Os3 Yb3,9,-48.63870620727539,False,-48.63870620727539,-5.404300689697266
m3gnet,wbm-4-14226,Ga1 Pt2 Yb1,4,-20.756113052368164,False,-20.756113052368164,-5.189028263092041
m3gnet,wbm-4-14227,Ga2 Pt2 Yb2,6,-27.276731491088867,False,-27.276731491088867,-4.546121915181478
m3gnet,wbm-4-14228,Ga2 Yb2,4,-11.165567398071289,False,-11.165567398071289,-2.7913918495178223
m3gnet,wbm-4-14229,Ga1 Ir2 Y1,4,-30.154117584228516,False,-30.154117584228516,-7.538529396057129
m3gnet,wbm-4-14230,Ga4 Ir4 Y4,12,-83.49427032470703,False,-83.49427032470703,-6.957855860392253
m3gnet,wbm-4-14231,Ga2 Os2 Y2,6,-44.102027893066406,False,-44.102027893066406,-7.350337982177734
m3gnet,wbm-4-14232,Ga4 Os4 Y4,12,-88.32755279541016,False,-88.32755279541016,-7.360629399617513
m3gnet,wbm-4-14233,Ga1 Pd2 Y1,4,-23.4025936126709,False,-23.4025936126709,-5.850648403167725
m3gnet,wbm-4-14234,Ga1 Pt2 Y1,4,-25.829221725463867,False,-25.829221725463867,-6.457305431365967
m3gnet,wbm-4-14235,Ga2 Pt2 Y2,6,-37.539451599121094,False,-37.539451599121094,-6.256575266520183
m3gnet,wbm-4-14236,Ga1 Rh2 Y1,4,-27.383682250976562,False,-27.383682250976562,-6.845920562744141
m3gnet,wbm-4-14237,Ga1 Ru2 Y1,4,-29.14008331298828,False,-29.14008331298828,-7.28502082824707
m3gnet,wbm-4-14238,Ga1 Ru2 Y1,4,-29.14000129699707,False,-29.14000129699707,-7.285000324249268
m3gnet,wbm-4-14239,Ga1 Te2 Y1,4,-18.986705780029297,False,-18.986705780029297,-4.746676445007324
m3gnet,wbm-4-14240,Ga2 Y2,4,-21.70893096923828,False,-21.70893096923828,-5.42723274230957
m3gnet,wbm-4-14241,Cd1 Ga1 Zr2,4,-22.473379135131836,False,-22.473379135131836,-5.618344783782959
m3gnet,wbm-4-14242,Ga1 Hg1 Zr2,4,-21.956787109375,False,-21.956787109375,-5.48919677734375
m3gnet,wbm-4-14243,Ga2 Ir4 Zr4,10,-83.6688003540039,False,-83.6688003540039,-8.36688003540039
m3gnet,wbm-4-14244,Ga1 Ir2 Zr2,5,-41.96900177001953,False,-41.96900177001953,-8.393800354003906
m3gnet,wbm-4-14245,Ga2 Pd4 Zr4,10,-68.04232788085938,False,-68.04232788085938,-6.804232788085938
m3gnet,wbm-4-14246,Ga2 Pt4 Zr4,10,-74.33763122558594,False,-74.33763122558594,-7.433763122558593
m3gnet,wbm-4-14247,Ga1 Ru2 Zr2,5,-41.970115661621094,False,-41.970115661621094,-8.394023132324218
m3gnet,wbm-4-14248,Ga1 Sn1 Zr2,4,-26.528879165649414,False,-26.528879165649414,-6.6322197914123535
m3gnet,wbm-4-14249,Ga1 Zr2,3,-21.552215576171875,False,-21.552215576171875,-7.184071858723958
m3gnet,wbm-4-14250,Ga1 Zr2,3,-21.52570343017578,False,-21.52570343017578,-7.175234476725261
m3gnet,wbm-4-14251,Au2 Ga1 Zr1,4,-20.179882049560547,False,-20.179882049560547,-5.044970512390137
m3gnet,wbm-4-14252,Au2 Ga1 Zr1,4,-20.046459197998047,False,-20.046459197998047,-5.011614799499512
m3gnet,wbm-4-14253,Ga1 Ir2 Zr1,4,-32.04780960083008,False,-32.04780960083008,-8.01195240020752
m3gnet,wbm-4-14254,Ga1 Pd2 Zr1,4,-24.885988235473633,False,-24.885988235473633,-6.221497058868408
m3gnet,wbm-4-14255,Ga1 Pt2 Zr1,4,-27.471084594726562,False,-27.471084594726562,-6.867771148681641
m3gnet,wbm-4-14256,Ga1 Rh2 Zr1,4,-29.669464111328125,False,-29.669464111328125,-7.417366027832031
m3gnet,wbm-4-14257,Ga2 Rh4 Zr2,8,-59.59477615356445,False,-59.59477615356445,-7.449347019195557
m3gnet,wbm-4-14258,Gd4 Hg2 Ir4,10,-98.76493835449219,False,-98.76493835449219,-9.876493835449219
m3gnet,wbm-4-14259,Gd4 Hg2 Os4,10,-102.54762268066406,False,-102.54762268066406,-10.254762268066406
m3gnet,wbm-4-14260,Gd4 Hg2 Pt4,10,-91.55529022216797,False,-91.55529022216797,-9.155529022216797
m3gnet,wbm-4-14261,Gd2 Pb1 Pt2,5,-49.144996643066406,False,-49.144996643066406,-9.828999328613282
m3gnet,wbm-4-14262,Gd2 Pt1,3,-36.650455474853516,False,-36.650455474853516,-12.216818491617838
m3gnet,wbm-4-14263,Gd2 Re1,3,-39.61407470703125,False,-39.61407470703125,-13.204691569010416
m3gnet,wbm-4-14264,Gd3 Pt2 Tl3,8,-67.80381774902344,False,-67.80381774902344,-8.47547721862793
m3gnet,wbm-4-14265,Au2 Gd1 Th1,4,-31.02284812927246,False,-31.02284812927246,-7.755712032318115
m3gnet,wbm-4-14266,Au5 Gd1,6,-33.11787414550781,False,-33.11787414550781,-5.519645690917969
m3gnet,wbm-4-14267,Au2 Dy1 Gd1,4,-28.65407943725586,False,-28.65407943725586,-7.163519859313965
m3gnet,wbm-4-14268,Bi2 Dy2 Gd2,6,-48.422481536865234,False,-48.422481536865234,-8.070413589477539
m3gnet,wbm-4-14269,Dy1 Gd1 Pb2,4,-28.253108978271484,False,-28.253108978271484,-7.063277244567871
m3gnet,wbm-4-14270,Au2 Er1 Gd1,4,-28.683164596557617,False,-28.683164596557617,-7.170791149139404
m3gnet,wbm-4-14271,Gd1 Hg5,6,-16.717403411865234,False,-16.717403411865234,-2.786233901977539
m3gnet,wbm-4-14272,Au2 Gd1 Ho1,4,-28.638561248779297,False,-28.638561248779297,-7.159640312194824
m3gnet,wbm-4-14273,Bi2 Gd2 Ho2,6,-48.31985092163086,False,-48.31985092163086,-8.053308486938477
m3gnet,wbm-4-14274,Gd1 Ho1 Pb2,4,-28.199129104614258,False,-28.199129104614258,-7.0497822761535645
m3gnet,wbm-4-14275,Bi2 Gd2 Ir2,6,-57.29951858520508,False,-57.29951858520508,-9.549919764200846
m3gnet,wbm-4-14276,Bi4 Gd4 Ir4,12,-114.64446258544922,False,-114.64446258544922,-9.553705215454102
m3gnet,wbm-4-14277,Gd3 Hg3 Ir3,9,-73.6383285522461,False,-73.6383285522461,-8.182036505805122
m3gnet,wbm-4-14278,Bi2 Gd2 Os2,6,-59.13561248779297,False,-59.13561248779297,-9.855935414632162
m3gnet,wbm-4-14279,Ac1 Gd1 Pb2,4,-27.71999168395996,False,-27.71999168395996,-6.92999792098999
m3gnet,wbm-4-14280,Au2 Gd1 Tb1,4,-28.676572799682617,False,-28.676572799682617,-7.169143199920654
m3gnet,wbm-4-14281,Gd1 Pb2 Tb1,4,-28.271543502807617,False,-28.271543502807617,-7.067885875701904
m3gnet,wbm-4-14282,Bi1 Gd1 Tl2,4,-23.89809226989746,False,-23.89809226989746,-5.974523067474365
m3gnet,wbm-4-14283,Gd2 Tl4,6,-39.32902908325195,False,-39.32902908325195,-6.554838180541992
m3gnet,wbm-4-14284,Au2 Gd1 Tm1,4,-28.54639434814453,False,-28.54639434814453,-7.136598587036133
m3gnet,wbm-4-14285,Bi2 Gd2 Yb2,6,-42.355228424072266,False,-42.355228424072266,-7.059204737345378
m3gnet,wbm-4-14286,Gd1 Pt2 Yb1,4,-32.44639587402344,False,-32.44639587402344,-8.11159896850586
m3gnet,wbm-4-14287,Ac1 Ge2 Np1,4,-27.03152847290039,False,-27.03152847290039,-6.757882118225098
m3gnet,wbm-4-14288,Ac1 Ge2 Pu1,4,-29.07956314086914,False,-29.07956314086914,-7.269890785217285
m3gnet,wbm-4-14289,Ac1 Ge2 Th1,4,-23.308977127075195,False,-23.308977127075195,-5.827244281768799
m3gnet,wbm-4-14290,Ac1 Ge2 Th1,4,-23.312833786010742,False,-23.312833786010742,-5.8282084465026855
m3gnet,wbm-4-14291,Ac1 Ge2 U1,4,-25.65664291381836,False,-25.65664291381836,-6.41416072845459
m3gnet,wbm-4-14292,Ac1 Ge2 U1,4,-25.48503875732422,False,-25.48503875732422,-6.371259689331055
m3gnet,wbm-4-14293,Ag4 Ba2 Ge4,10,-36.67417526245117,False,-36.67417526245117,-3.667417526245117
m3gnet,wbm-4-14294,Ag1 Ge2 Yb1,4,-14.418249130249023,False,-14.418249130249023,-3.604562282562256
m3gnet,wbm-4-14295,Au2 Ge2 Pa1,5,-26.89173698425293,False,-26.89173698425293,-5.378347396850586
m3gnet,wbm-4-14296,Au2 Ge2 U1,5,-27.668825149536133,False,-27.668825149536133,-5.533765029907227
m3gnet,wbm-4-14297,Au6 Ge4 Th2,12,-57.80319595336914,False,-57.80319595336914,-4.816932996114095
m3gnet,wbm-4-14298,Ba4 Ge4 Ir2,10,-49.71406173706055,False,-49.71406173706055,-4.971406173706055
m3gnet,wbm-4-14299,Au3 Ba1 Ge2,6,-23.528518676757812,False,-23.528518676757812,-3.9214197794596353
m3gnet,wbm-4-14300,Ba1 Ge2 Hg2,5,-13.391716957092285,False,-13.391716957092285,-2.678343391418457
m3gnet,wbm-4-14301,Ba1 Ge2 Ir3,6,-40.73329544067383,False,-40.73329544067383,-6.788882573445638
m3gnet,wbm-4-14302,Ba2 Ge4 Os4,10,-69.32173156738281,False,-69.32173156738281,-6.932173156738282
m3gnet,wbm-4-14303,Ba1 Ge2 Os3,6,-44.470489501953125,False,-44.470489501953125,-7.4117482503255205
m3gnet,wbm-4-14304,Ba1 Ge2 Pm1,4,-17.845462799072266,False,-17.845462799072266,-4.461365699768066
m3gnet,wbm-4-14305,Ba2 Ge4 Pt4,10,-54.346046447753906,False,-54.346046447753906,-5.434604644775391
m3gnet,wbm-4-14306,Ba1 Ge2 Pt3,6,-33.78614044189453,False,-33.78614044189453,-5.631023406982422
m3gnet,wbm-4-14307,Ba1 Ge2 Yb1,4,-14.41929817199707,False,-14.41929817199707,-3.6048245429992676
m3gnet,wbm-4-14308,Ce4 Ge4 Os2,10,-70.83758544921875,False,-70.83758544921875,-7.083758544921875
m3gnet,wbm-4-14309,Ac1 Ce1 Ge2,4,-21.73417091369629,False,-21.73417091369629,-5.433542728424072
m3gnet,wbm-4-14310,Bi1 Ce1 Ge2,4,-20.63007164001465,False,-20.63007164001465,-5.157517910003662
m3gnet,wbm-4-14311,Ce1 Dy1 Ge2,4,-22.911022186279297,False,-22.911022186279297,-5.727755546569824
m3gnet,wbm-4-14312,Ce1 Er1 Ge2,4,-22.809289932250977,False,-22.809289932250977,-5.702322483062744
m3gnet,wbm-4-14313,Ce1 Ge2 Ho1,4,-22.874032974243164,False,-22.874032974243164,-5.718508243560791
m3gnet,wbm-4-14314,Ce1 Ge2 Nd1,4,-23.04170799255371,False,-23.04170799255371,-5.760426998138428
m3gnet,wbm-4-14315,Ce1 Ge2 Np1,4,-29.376148223876953,False,-29.376148223876953,-7.344037055969238
m3gnet,wbm-4-14316,Ce1 Ge2 Pm1,4,-22.761533737182617,False,-22.761533737182617,-5.690383434295654
m3gnet,wbm-4-14317,Ce1 Ge2 Pm1,4,-22.762052536010742,False,-22.762052536010742,-5.6905131340026855
m3gnet,wbm-4-14318,Ce1 Ge2 Pr1,4,-23.022132873535156,False,-23.022132873535156,-5.755533218383789
m3gnet,wbm-4-14319,Ce1 Ge2 Sm1,4,-23.042634963989258,False,-23.042634963989258,-5.7606587409973145
m3gnet,wbm-4-14320,Ce1 Ge2 Ta1,4,-28.88852882385254,False,-28.88852882385254,-7.222132205963135
m3gnet,wbm-4-14321,Ce1 Ge2 Tb1,4,-22.919513702392578,False,-22.919513702392578,-5.7298784255981445
m3gnet,wbm-4-14322,Ce1 Ge2 Tm1,4,-22.747150421142578,False,-22.747150421142578,-5.6867876052856445
m3gnet,wbm-4-14323,Ce1 Ge2 U1,4,-27.947811126708984,False,-27.947811126708984,-6.986952781677246
m3gnet,wbm-4-14324,Ce1 Ge2 Yb1,4,-19.29863929748535,False,-19.29863929748535,-4.824659824371338
m3gnet,wbm-4-14325,Ce1 Ge2 Yb1,4,-19.305877685546875,False,-19.305877685546875,-4.826469421386719
m3gnet,wbm-4-14326,Cs2 Ge4 Pt6,12,-62.17653274536133,False,-62.17653274536133,-5.18137772878011
m3gnet,wbm-4-14327,Dy4 Ge4 Hg2,10,-45.01499557495117,False,-45.01499557495117,-4.5014995574951175
m3gnet,wbm-4-14328,Dy4 Ge4 Ir2,10,-63.848350524902344,False,-63.848350524902344,-6.384835052490234
m3gnet,wbm-4-14329,Ac1 Dy1 Ge2,4,-20.705535888671875,False,-20.705535888671875,-5.176383972167969
m3gnet,wbm-4-14330,Ac1 Dy1 Ge2,4,-20.739940643310547,False,-20.739940643310547,-5.184985160827637
m3gnet,wbm-4-14331,Au2 Dy1 Ge2,5,-22.68842887878418,False,-22.68842887878418,-4.537685775756836
m3gnet,wbm-4-14332,Au6 Dy2 Ge4,12,-52.13628005981445,False,-52.13628005981445,-4.344690004984538
m3gnet,wbm-4-14333,Dy2 Ge4 Ir6,12,-87.95588684082031,False,-87.95588684082031,-7.329657236735026
m3gnet,wbm-4-14334,Dy2 Ge4 Os6,12,-96.30036163330078,False,-96.30036163330078,-8.025030136108398
m3gnet,wbm-4-14335,Dy2 Ge4 Pt6,12,-73.52727508544922,False,-73.52727508544922,-6.127272923787435
m3gnet,wbm-4-14336,Dy1 Ge2 Yb1,4,-18.234886169433594,False,-18.234886169433594,-4.558721542358398
m3gnet,wbm-4-14337,Er4 Ge4 Hg2,10,-44.67314147949219,False,-44.67314147949219,-4.467314147949219
m3gnet,wbm-4-14338,Ac1 Er1 Ge2,4,-20.666183471679688,False,-20.666183471679688,-5.166545867919922
m3gnet,wbm-4-14339,Ac1 Er1 Ge2,4,-20.723302841186523,False,-20.723302841186523,-5.180825710296631
m3gnet,wbm-4-14340,Au2 Er1 Ge2,5,-22.535966873168945,False,-22.535966873168945,-4.507193374633789
m3gnet,wbm-4-14341,Au6 Er2 Ge4,12,-51.88924789428711,False,-51.88924789428711,-4.324103991190593
m3gnet,wbm-4-14342,Er2 Ge4 Ir6,12,-88.18827056884766,False,-88.18827056884766,-7.349022547403972
m3gnet,wbm-4-14343,Er2 Ge4 Os6,12,-96.53805541992188,False,-96.53805541992188,-8.044837951660156
m3gnet,wbm-4-14344,Er2 Ge4 Pt6,12,-73.6841049194336,False,-73.6841049194336,-6.140342076619466
m3gnet,wbm-4-14345,Er1 Ge2 Yb1,4,-18.24598503112793,False,-18.24598503112793,-4.561496257781982
m3gnet,wbm-4-14346,Ac1 Eu1 Ge2,4,-25.960121154785156,False,-25.960121154785156,-6.490030288696289
m3gnet,wbm-4-14347,Ac1 Gd1 Ge2,4,-30.21816062927246,False,-30.21816062927246,-7.554540157318115
m3gnet,wbm-4-14348,Ge4 Hf4 Ir2,10,-83.94976806640625,False,-83.94976806640625,-8.394976806640624
m3gnet,wbm-4-14349,Ge4 Hf4 Os2,10,-86.95718383789062,False,-86.95718383789062,-8.695718383789062
m3gnet,wbm-4-14350,Ge4 Hf4 Os2,10,-86.95659637451172,False,-86.95659637451172,-8.695659637451172
m3gnet,wbm-4-14351,Ge4 Hf2 Ir2,8,-61.035953521728516,False,-61.035953521728516,-7.6294941902160645
m3gnet,wbm-4-14352,Ge2 Hf1 Pt2,5,-34.743927001953125,False,-34.743927001953125,-6.948785400390625
m3gnet,wbm-4-14353,Ge4 Hg2 Th4,10,-55.31711959838867,False,-55.31711959838867,-5.5317119598388675
m3gnet,wbm-4-14354,Ge4 Hg2 Ho4,10,-44.84168243408203,False,-44.84168243408203,-4.484168243408203
m3gnet,wbm-4-14355,Ge4 Ho4 Os2,10,-66.27629089355469,False,-66.27629089355469,-6.627629089355469
m3gnet,wbm-4-14356,Ac1 Ge2 Ho1,4,-20.655067443847656,False,-20.655067443847656,-5.163766860961914
m3gnet,wbm-4-14357,Ac1 Ge2 Ho1,4,-20.685806274414062,False,-20.685806274414062,-5.171451568603516
m3gnet,wbm-4-14358,Au2 Ge2 Ho1,5,-22.591602325439453,False,-22.591602325439453,-4.518320465087891
m3gnet,wbm-4-14359,Ge2 Ho1 Yb1,4,-18.19417953491211,False,-18.19417953491211,-4.548544883728027
m3gnet,wbm-4-14360,Ce1 Ge2 In2,5,-22.306110382080078,False,-22.306110382080078,-4.461222076416016
m3gnet,wbm-4-14361,Er1 Ge2 In2,5,-20.975751876831055,False,-20.975751876831055,-4.195150375366211
m3gnet,wbm-4-14362,Gd1 Ge2 In2,5,-30.531448364257812,False,-30.531448364257812,-6.106289672851562
m3gnet,wbm-4-14363,Ge2 In2 Lu1,5,-20.74917221069336,False,-20.74917221069336,-4.149834442138672
m3gnet,wbm-4-14364,Ge2 In2 Nd1,5,-21.533693313598633,False,-21.533693313598633,-4.306738662719726
m3gnet,wbm-4-14365,Ge4 In4 Os2,10,-50.50566864013672,False,-50.50566864013672,-5.050566864013672
m3gnet,wbm-4-14366,Ge2 In2 Tb1,5,-21.185827255249023,False,-21.185827255249023,-4.237165451049805
m3gnet,wbm-4-14367,Ge2 In2 Th1,5,-23.72567367553711,False,-23.72567367553711,-4.745134735107422
m3gnet,wbm-4-14368,Ge2 In2 U1,5,-26.195241928100586,False,-26.195241928100586,-5.2390483856201175
m3gnet,wbm-4-14369,Ge2 In2 Yb1,5,-17.91728401184082,False,-17.91728401184082,-3.583456802368164
m3gnet,wbm-4-14370,Au1 Ge2 In3 Pu3,9,-66.54067993164062,False,-66.54067993164062,-7.393408881293403
m3gnet,wbm-4-14371,Ba3 Ge2 In3 Pt1,9,-34.43672561645508,False,-34.43672561645508,-3.8263028462727866
m3gnet,wbm-4-14372,Ce3 Ge2 In3 Ir1,9,-49.300621032714844,False,-49.300621032714844,-5.477846781412761
m3gnet,wbm-4-14373,Ce3 Ge2 In3 Os1,9,-50.44881057739258,False,-50.44881057739258,-5.605423397488064
m3gnet,wbm-4-14374,Au1 Dy3 Ge2 In3,9,-40.422515869140625,False,-40.422515869140625,-4.491390652126736
m3gnet,wbm-4-14375,Dy3 Ge2 In3 Ir1,9,-46.015567779541016,False,-46.015567779541016,-5.112840864393446
m3gnet,wbm-4-14376,Dy3 Ge2 In3 Os1,9,-46.995887756347656,False,-46.995887756347656,-5.221765306260851
m3gnet,wbm-4-14377,Au1 Er3 Ge2 In3,9,-40.15592956542969,False,-40.15592956542969,-4.46176995171441
m3gnet,wbm-4-14378,Er3 Ge2 In3 Ir1,9,-45.824798583984375,False,-45.824798583984375,-5.091644287109375
m3gnet,wbm-4-14379,Er3 Ge2 In3 Os1,9,-46.810401916503906,False,-46.810401916503906,-5.201155768500434
m3gnet,wbm-4-14380,Au1 Eu3 Ge2 In3,9,-56.87724304199219,False,-56.87724304199219,-6.319693671332465
m3gnet,wbm-4-14381,Eu3 Ge2 In3 Pt1,9,-60.29533386230469,False,-60.29533386230469,-6.699481540256077
m3gnet,wbm-4-14382,Au1 Gd3 Ge2 In3,9,-68.88034057617188,False,-68.88034057617188,-7.653371175130208
m3gnet,wbm-4-14383,Gd3 Ge2 In3 Ir1,9,-74.25475311279297,False,-74.25475311279297,-8.250528123643663
m3gnet,wbm-4-14384,Gd3 Ge2 In3 Os1,9,-75.37803649902344,False,-75.37803649902344,-8.375337388780382
m3gnet,wbm-4-14385,Ge2 Hf3 In3 Pt1,9,-57.328311920166016,False,-57.328311920166016,-6.369812435574001
m3gnet,wbm-4-14386,Au1 Ge2 Ho3 In3,9,-40.22570037841797,False,-40.22570037841797,-4.469522264268663
m3gnet,wbm-4-14387,Ge2 Ho3 In3 Ir1,9,-45.85110855102539,False,-45.85110855102539,-5.094567616780599
m3gnet,wbm-4-14388,Ge2 Ho3 In3 Os1,9,-46.826412200927734,False,-46.826412200927734,-5.20293468899197
m3gnet,wbm-4-14389,Ge2 In3 Ir1 Pu3,9,-71.47514343261719,False,-71.47514343261719,-7.941682603624132
m3gnet,wbm-4-14390,Au1 Ge2 In3 La3,9,-41.88908004760742,False,-41.88908004760742,-4.654342227511936
m3gnet,wbm-4-14391,Ge2 In3 Ir1 La3,9,-47.24422073364258,False,-47.24422073364258,-5.24935785929362
m3gnet,wbm-4-14392,Ge2 In3 La3 Os1,9,-48.302085876464844,False,-48.302085876464844,-5.366898430718316
m3gnet,wbm-4-14393,Ge2 In3 La3 Pt1,9,-45.35049057006836,False,-45.35049057006836,-5.038943396674262
m3gnet,wbm-4-14394,Au1 Ge2 In3 Lu3,9,-39.51829528808594,False,-39.51829528808594,-4.390921698676215
m3gnet,wbm-4-14395,Ge2 In3 Ir1 Lu3,9,-45.27870178222656,False,-45.27870178222656,-5.03096686469184
m3gnet,wbm-4-14396,Au1 Ge2 In3 Nd3,9,-41.153831481933594,False,-41.153831481933594,-4.572647942437066
m3gnet,wbm-4-14397,Ge2 In3 Ir1 Nd3,9,-46.5474739074707,False,-46.5474739074707,-5.171941545274523
m3gnet,wbm-4-14398,Ge2 In3 Nd3 Os1,9,-47.628448486328125,False,-47.628448486328125,-5.292049831814236
m3gnet,wbm-4-14399,Ge2 In3 Os1 Pu3,9,-72.43466186523438,False,-72.43466186523438,-8.04829576280382
m3gnet,wbm-4-14400,Ge2 In3 Os1 Th3,9,-55.0247802734375,False,-55.0247802734375,-6.113864474826389
m3gnet,wbm-4-14401,Au1 Ge2 In3 Pr3,9,-41.18559646606445,False,-41.18559646606445,-4.576177385118273
m3gnet,wbm-4-14402,Ge2 In3 Ir1 Pr3,9,-46.5745964050293,False,-46.5745964050293,-5.1749551561143665
m3gnet,wbm-4-14403,Ge2 In3 Os1 Pr3,9,-47.659278869628906,False,-47.659278869628906,-5.295475429958767
m3gnet,wbm-4-14404,Ge2 In3 Pr3 Pt1,9,-44.65680694580078,False,-44.65680694580078,-4.961867438422309
m3gnet,wbm-4-14405,Ge2 In3 Np3 Pt1,9,-63.00482940673828,False,-63.00482940673828,-7.000536600748698
m3gnet,wbm-4-14406,Ge2 In3 Pt1 Th3,9,-51.691368103027344,False,-51.691368103027344,-5.743485344780816
m3gnet,wbm-4-14407,Ge2 In3 Pt1 U3,9,-59.142967224121094,False,-59.142967224121094,-6.571440802680121
m3gnet,wbm-4-14408,Au1 Ge2 In3 Sm3,9,-40.97282409667969,False,-40.97282409667969,-4.5525360107421875
m3gnet,wbm-4-14409,Ge2 In3 Ir1 Sm3,9,-46.419315338134766,False,-46.419315338134766,-5.157701704237196
m3gnet,wbm-4-14410,Ge2 In3 Os1 Sm3,9,-47.465518951416016,False,-47.465518951416016,-5.273946550157335
m3gnet,wbm-4-14411,Ge2 In3 Pt1 Ta3,9,-59.568321228027344,False,-59.568321228027344,-6.6187023586697045
m3gnet,wbm-4-14412,Au1 Ge2 In3 Tb3,9,-40.59055709838867,False,-40.59055709838867,-4.510061899820964
m3gnet,wbm-4-14413,Ge2 In3 Ir1 Tb3,9,-46.15718078613281,False,-46.15718078613281,-5.1285756429036455
m3gnet,wbm-4-14414,Ge2 In3 Os1 Tb3,9,-47.158870697021484,False,-47.158870697021484,-5.239874521891276
m3gnet,wbm-4-14415,Au1 Ge2 In3 Tm3,9,-39.65625762939453,False,-39.65625762939453,-4.406250847710504
m3gnet,wbm-4-14416,Ge2 In3 Ir1 Tm3,9,-45.35301971435547,False,-45.35301971435547,-5.039224412706163
m3gnet,wbm-4-14417,Ge2 In3 Os1 Tm3,9,-46.29036331176758,False,-46.29036331176758,-5.1433737013075085
m3gnet,wbm-4-14418,Ge2 In3 Ir1 Yb3,9,-36.106910705566406,False,-36.106910705566406,-4.011878967285156
m3gnet,wbm-4-14419,Ge2 In4 Pu3,9,-65.45599365234375,False,-65.45599365234375,-7.27288818359375
m3gnet,wbm-4-14420,Ge2 In4 Yb3,9,-29.42188835144043,False,-29.42188835144043,-3.2690987057156033
m3gnet,wbm-4-14421,Ge2 In6 Pt1,9,-32.47987365722656,False,-32.47987365722656,-3.6088748508029513
m3gnet,wbm-4-14422,Ge4 Hf4 In2,10,-68.56742858886719,False,-68.56742858886719,-6.856742858886719
m3gnet,wbm-4-14423,Ge4 In2 Ir2,8,-42.575321197509766,False,-42.575321197509766,-5.321915149688721
m3gnet,wbm-4-14424,Ge2 In1 Pt2,5,-25.984071731567383,False,-25.984071731567383,-5.196814346313476
m3gnet,wbm-4-14425,Ge4 In2 Ta4,10,-72.69341278076172,False,-72.69341278076172,-7.269341278076172
m3gnet,wbm-4-14426,Ge2 In1 Yb1,4,-14.689522743225098,False,-14.689522743225098,-3.6723806858062744
m3gnet,wbm-4-14427,Ge4 Ir4 Pa2,10,-79.66431427001953,False,-79.66431427001953,-7.966431427001953
m3gnet,wbm-4-14428,Ge4 Ir6 Th2,12,-93.94910430908203,False,-93.94910430908203,-7.829092025756836
m3gnet,wbm-4-14429,Ge4 Ir2 Pa2,8,-60.34474563598633,False,-60.34474563598633,-7.543093204498291
m3gnet,wbm-4-14430,Ac1 Ge2 La1,4,-21.07993507385254,False,-21.07993507385254,-5.269983768463135
m3gnet,wbm-4-14431,Ac1 Ge2 La1,4,-21.148775100708008,False,-21.148775100708008,-5.287193775177002
m3gnet,wbm-4-14432,Ce1 Ge2 La1,4,-23.24186897277832,False,-23.24186897277832,-5.81046724319458
m3gnet,wbm-4-14433,Ge2 La1 Pm1,4,-21.990962982177734,False,-21.990962982177734,-5.497740745544434
m3gnet,wbm-4-14434,Ge2 La1 Yb1,4,-18.539337158203125,False,-18.539337158203125,-4.634834289550781
m3gnet,wbm-4-14435,Ac1 Ge2 Lu1,4,-20.5430965423584,False,-20.5430965423584,-5.1357741355896
m3gnet,wbm-4-14436,Au2 Ge2 Lu1,5,-22.267492294311523,False,-22.267492294311523,-4.453498458862304
m3gnet,wbm-4-14437,Ge2 Mo1 Pd2,5,-30.981176376342773,False,-30.981176376342773,-6.196235275268554
m3gnet,wbm-4-14438,Ge2 Mo1 Ru2,5,-39.278419494628906,False,-39.278419494628906,-7.855683898925781
m3gnet,wbm-4-14439,Ge2 In3 Nb3 Pt1,9,-55.674957275390625,False,-55.674957275390625,-6.186106363932292
m3gnet,wbm-4-14440,Ge2 In3 Nb3 Rh1,9,-56.707637786865234,False,-56.707637786865234,-6.300848642985026
m3gnet,wbm-4-14441,Ce1 Ge2 Nb1,4,-27.345151901245117,False,-27.345151901245117,-6.836287975311279
m3gnet,wbm-4-14442,Ge4 Ir2 Nb2,8,-59.65760040283203,False,-59.65760040283203,-7.457200050354004
m3gnet,wbm-4-14443,Ge2 Nb1 Pt2,5,-33.844886779785156,False,-33.844886779785156,-6.768977355957031
m3gnet,wbm-4-14444,Ge4 Nb2 Pt2,8,-54.45254898071289,False,-54.45254898071289,-6.806568622589111
m3gnet,wbm-4-14445,Ge2 Nb1 Yb1,4,-22.737621307373047,False,-22.737621307373047,-5.684405326843262
m3gnet,wbm-4-14446,Ge4 Hg2 Nd4,10,-45.622840881347656,False,-45.622840881347656,-4.562284088134765
m3gnet,wbm-4-14447,Ge4 Nd4 Pt2,10,-59.68120193481445,False,-59.68120193481445,-5.968120193481445
m3gnet,wbm-4-14448,Ac1 Ge2 Nd1,4,-20.848913192749023,False,-20.848913192749023,-5.212228298187256
m3gnet,wbm-4-14449,Ac1 Ge2 Nd1,4,-20.916677474975586,False,-20.916677474975586,-5.2291693687438965
m3gnet,wbm-4-14450,Ge2 Nd1 Pm1,4,-21.73318099975586,False,-21.73318099975586,-5.433295249938965
m3gnet,wbm-4-14451,Ge2 Nd1 Pm1,4,-21.732999801635742,False,-21.732999801635742,-5.4332499504089355
m3gnet,wbm-4-14452,Ge2 Nd1 Yb1,4,-18.368541717529297,False,-18.368541717529297,-4.592135429382324
m3gnet,wbm-4-14453,Ge4 Np2 Os4,10,-89.52755737304688,False,-89.52755737304688,-8.952755737304688
m3gnet,wbm-4-14454,Ge2 Os2 Pa1,5,-43.06952667236328,False,-43.06952667236328,-8.613905334472657
m3gnet,wbm-4-14455,Ge4 Os6 Th2,12,-103.01807403564453,False,-103.01807403564453,-8.584839502970377
m3gnet,wbm-4-14456,Ge4 Os2 Pa2,8,-63.305477142333984,False,-63.305477142333984,-7.913184642791748
m3gnet,wbm-4-14457,Ge4 Os2 Th4,10,-77.4489974975586,False,-77.4489974975586,-7.744899749755859
m3gnet,wbm-4-14458,Ge4 Os2 U4,10,-88.54104614257812,False,-88.54104614257812,-8.854104614257812
m3gnet,wbm-4-14459,Ge4 Np4 Pb2,10,-77.6160888671875,False,-77.6160888671875,-7.76160888671875
m3gnet,wbm-4-14460,Ge4 Pb2 Pu4,10,-85.32498168945312,False,-85.32498168945312,-8.532498168945313
m3gnet,wbm-4-14461,Ba2 Ge4 Pd4,10,-50.04142761230469,False,-50.04142761230469,-5.004142761230469
m3gnet,wbm-4-14462,Ba2 Ge4 Pd4,10,-50.02741622924805,False,-50.02741622924805,-5.0027416229248045
m3gnet,wbm-4-14463,Cd1 Ge2 Pd2,5,-22.3082218170166,False,-22.3082218170166,-4.4616443634033205
m3gnet,wbm-4-14464,Ce2 Ge4 Pd4,10,-58.94255828857422,False,-58.94255828857422,-5.894255828857422
m3gnet,wbm-4-14465,Ge4 Np2 Pd4,10,-69.31607818603516,False,-69.31607818603516,-6.931607818603515
m3gnet,wbm-4-14466,Ge2 Pb1 Pd2,5,-24.92682647705078,False,-24.92682647705078,-4.985365295410157
m3gnet,wbm-4-14467,Ge2 Pd2 Sn1,5,-25.377002716064453,False,-25.377002716064453,-5.075400543212891
m3gnet,wbm-4-14468,Ge4 Pd4 Th2,10,-62.15351486206055,False,-62.15351486206055,-6.215351486206055
m3gnet,wbm-4-14469,Ge4 Pd4 U2,10,-66.16161346435547,False,-66.16161346435547,-6.616161346435547
m3gnet,wbm-4-14470,Ba1 Ge2 Pd3,6,-30.788681030273438,False,-30.788681030273438,-5.131446838378906
m3gnet,wbm-4-14471,Dy2 Ge4 Pd6,12,-67.5909423828125,False,-67.5909423828125,-5.632578531901042
m3gnet,wbm-4-14472,Er2 Ge4 Pd6,12,-67.48341369628906,False,-67.48341369628906,-5.623617808024089
m3gnet,wbm-4-14473,Ba4 Ge4 Pd2,10,-43.357940673828125,False,-43.357940673828125,-4.335794067382812
m3gnet,wbm-4-14474,Gd3 Ge2 Pd1 Tl3,9,-69.02932739257812,False,-69.02932739257812,-7.669925265842014
m3gnet,wbm-4-14475,Ge4 Ho4 Pd2,10,-56.57240295410156,False,-56.57240295410156,-5.657240295410157
m3gnet,wbm-4-14476,Ba3 Ge2 In3 Pd1,9,-33.20110321044922,False,-33.20110321044922,-3.689011467827691
m3gnet,wbm-4-14477,Eu3 Ge2 In3 Pd1,9,-59.12349319458008,False,-59.12349319458008,-6.5692770216200085
m3gnet,wbm-4-14478,Ge2 In3 Np3 Pd1,9,-62.05838394165039,False,-62.05838394165039,-6.89537599351671
m3gnet,wbm-4-14479,Ge2 In3 Pd1 Pr3,9,-43.37459182739258,False,-43.37459182739258,-4.8193990919325085
m3gnet,wbm-4-14480,Ge2 In3 Pd1 Th3,9,-50.4896125793457,False,-50.4896125793457,-5.6099569532606335
m3gnet,wbm-4-14481,Ge2 In3 Pd1 U3,9,-57.870689392089844,False,-57.870689392089844,-6.430076599121094
m3gnet,wbm-4-14482,Ge4 Nd4 Pd2,10,-57.0969352722168,False,-57.0969352722168,-5.709693527221679
m3gnet,wbm-4-14483,Ge2 Nd3 Pd1 Tl3,9,-41.18539810180664,False,-41.18539810180664,-4.576155344645183
m3gnet,wbm-4-14484,Ge2 Pd1 Sm3 Tl3,9,-41.05845642089844,False,-41.05845642089844,-4.56205071343316
m3gnet,wbm-4-14485,Dy3 Ge2 Pd1 Sn3,9,-47.23971176147461,False,-47.23971176147461,-5.248856862386067
m3gnet,wbm-4-14486,Er3 Ge2 Pd1 Sn3,9,-46.9166259765625,False,-46.9166259765625,-5.212958441840278
m3gnet,wbm-4-14487,Gd3 Ge2 Pd1 Sn3,9,-75.59949493408203,False,-75.59949493408203,-8.39994388156467
m3gnet,wbm-4-14488,Ge2 Ho3 Pd1 Sn3,9,-47.0670051574707,False,-47.0670051574707,-5.229667239718967
m3gnet,wbm-4-14489,Ge2 Lu3 Pd1 Sn3,9,-46.3844108581543,False,-46.3844108581543,-5.153823428683811
m3gnet,wbm-4-14490,Ge2 Nd3 Pd1 Sn3,9,-47.94253921508789,False,-47.94253921508789,-5.326948801676433
m3gnet,wbm-4-14491,Ge2 Pd1 Pu3 Sn3,9,-73.01547241210938,False,-73.01547241210938,-8.112830268012154
m3gnet,wbm-4-14492,Ge2 Pd1 Sm3 Sn3,9,-47.78195571899414,False,-47.78195571899414,-5.309106190999349
m3gnet,wbm-4-14493,Ge2 Pd1 Sn3 Tb3,9,-47.318058013916016,False,-47.318058013916016,-5.257562001546224
m3gnet,wbm-4-14494,Ge2 Pd1 Sn3 Tm3,9,-46.57529830932617,False,-46.57529830932617,-5.175033145480686
m3gnet,wbm-4-14495,Ge2 Pd1 Sn3 Yb3,9,-37.364322662353516,False,-37.364322662353516,-4.151591406928168
m3gnet,wbm-4-14496,Ge4 Pd2 Yb4,10,-42.90530776977539,False,-42.90530776977539,-4.290530776977539
m3gnet,wbm-4-14497,Ge2 Pd1 Tl3 Yb3,9,-30.666759490966797,False,-30.666759490966797,-3.407417721218533
m3gnet,wbm-4-14498,Ge2 Pd1 Yb1,4,-18.007980346679688,False,-18.007980346679688,-4.501995086669922
m3gnet,wbm-4-14499,Dy1 Ge2 Pm1,4,-21.632305145263672,False,-21.632305145263672,-5.408076286315918
m3gnet,wbm-4-14500,Dy1 Ge2 Pm1,4,-21.632949829101562,False,-21.632949829101562,-5.408237457275391
m3gnet,wbm-4-14501,Er1 Ge2 Pm1,4,-21.559215545654297,False,-21.559215545654297,-5.389803886413574
m3gnet,wbm-4-14502,Eu1 Ge2 Pm1,4,-26.78873634338379,False,-26.78873634338379,-6.697184085845947
m3gnet,wbm-4-14503,Gd1 Ge2 Pm1,4,-31.053491592407227,False,-31.053491592407227,-7.763372898101807
m3gnet,wbm-4-14504,Ge2 Ho1 Pm1,4,-21.615495681762695,False,-21.615495681762695,-5.403873920440674
m3gnet,wbm-4-14505,Ge2 Lu1 Pm1,4,-21.435546875,False,-21.435546875,-5.35888671875
m3gnet,wbm-4-14506,Ge2 Np1 Pm1,4,-28.145668029785156,False,-28.145668029785156,-7.036417007446289
m3gnet,wbm-4-14507,Ge2 Pm1 Pu1,4,-30.09866714477539,False,-30.09866714477539,-7.524666786193848
m3gnet,wbm-4-14508,Ge2 Pm1 Sm1,4,-21.725082397460938,False,-21.725082397460938,-5.431270599365234
m3gnet,wbm-4-14509,Ge2 Pm1 Sm1,4,-21.72566795349121,False,-21.72566795349121,-5.431416988372803
m3gnet,wbm-4-14510,Ge2 Pm1 Tb1,4,-21.633033752441406,False,-21.633033752441406,-5.408258438110352
m3gnet,wbm-4-14511,Ge2 Pm1 Th1,4,-24.31462287902832,False,-24.31462287902832,-6.07865571975708
m3gnet,wbm-4-14512,Ge2 Pm1 Tm1,4,-21.508892059326172,False,-21.508892059326172,-5.377223014831543
m3gnet,wbm-4-14513,Ge2 Pm1 U1,4,-26.858047485351562,False,-26.858047485351562,-6.714511871337891
m3gnet,wbm-4-14514,Ge2 Pm1 Yb1,4,-18.06104278564453,False,-18.06104278564453,-4.515260696411133
m3gnet,wbm-4-14515,Ge4 Ir2 Pr4,10,-63.7650032043457,False,-63.7650032043457,-6.3765003204345705
m3gnet,wbm-4-14516,Ge4 Os2 Pr4,10,-66.44773864746094,False,-66.44773864746094,-6.644773864746094
m3gnet,wbm-4-14517,Ge4 Os2 Pr4,10,-66.4481201171875,False,-66.4481201171875,-6.64481201171875
m3gnet,wbm-4-14518,Ge4 Pr4 Pt2,10,-59.61351013183594,False,-59.61351013183594,-5.961351013183593
m3gnet,wbm-4-14519,Ac1 Ge2 Pr1,4,-20.85601234436035,False,-20.85601234436035,-5.214003086090088
m3gnet,wbm-4-14520,Ac1 Ge2 Pr1,4,-20.92041015625,False,-20.92041015625,-5.2301025390625
m3gnet,wbm-4-14521,Au4 Ge4 Pr2,10,-46.670448303222656,False,-46.670448303222656,-4.667044830322266
m3gnet,wbm-4-14522,Au2 Ge2 Pr1,5,-23.411819458007812,False,-23.411819458007812,-4.682363891601563
m3gnet,wbm-4-14523,Ge2 Pm1 Pr1,4,-21.728925704956055,False,-21.728925704956055,-5.432231426239014
m3gnet,wbm-4-14524,Ge2 Pr1 Yb1,4,-18.39289093017578,False,-18.39289093017578,-4.598222732543945
m3gnet,wbm-4-14525,Ge2 Pa1 Pt2,5,-34.53651428222656,False,-34.53651428222656,-6.9073028564453125
m3gnet,wbm-4-14526,Ge4 Pa2 Pt2,8,-54.940799713134766,False,-54.940799713134766,-6.867599964141846
m3gnet,wbm-4-14527,Ge4 Pa2 Pt2,8,-54.94002914428711,False,-54.94002914428711,-6.867503643035889
m3gnet,wbm-4-14528,Ge2 Pt1 Pu3 Tl3,9,-65.94314575195312,False,-65.94314575195312,-7.327016194661458
m3gnet,wbm-4-14529,Ge4 Pt2 U4,10,-79.8453598022461,False,-79.8453598022461,-7.984535980224609
m3gnet,wbm-4-14530,Au2 Ge4 Rb2,8,-28.516489028930664,False,-28.516489028930664,-3.564561128616333
m3gnet,wbm-4-14531,Ge4 Pt6 Rb2,12,-62.419952392578125,False,-62.419952392578125,-5.201662699381511
m3gnet,wbm-4-14532,Ge4 Pu4 Rb2,10,-78.70407104492188,False,-78.70407104492188,-7.8704071044921875
m3gnet,wbm-4-14533,Ge4 Pa2 Re4,10,-89.38536071777344,False,-89.38536071777344,-8.938536071777344
m3gnet,wbm-4-14534,Ge4 Np2 Rh4,10,-78.8751449584961,False,-78.8751449584961,-7.88751449584961
m3gnet,wbm-4-14535,Ge2 Pa1 Rh2,5,-37.13127517700195,False,-37.13127517700195,-7.4262550354003904
m3gnet,wbm-4-14536,Ge4 Rh4 Th2,10,-71.54193878173828,False,-71.54193878173828,-7.154193878173828
m3gnet,wbm-4-14537,Ge4 Hf2 Rh6,12,-91.66543579101562,False,-91.66543579101562,-7.638786315917969
m3gnet,wbm-4-14538,Ge4 In2 Rh6,12,-74.2284927368164,False,-74.2284927368164,-6.185707728068034
m3gnet,wbm-4-14539,Ge4 Np2 Rh6,12,-93.33592224121094,False,-93.33592224121094,-7.777993520100911
m3gnet,wbm-4-14540,Ge4 Pu2 Rh6,12,-94.95232391357422,False,-94.95232391357422,-7.9126936594645185
m3gnet,wbm-4-14541,Cd4 Ge4 Rh2,10,-38.325809478759766,False,-38.325809478759766,-3.8325809478759765
m3gnet,wbm-4-14542,Dy3 Ge2 Rh1 Tl3,9,-42.47035598754883,False,-42.47035598754883,-4.718928443060981
m3gnet,wbm-4-14543,Ge2 Hf6 Rh1,9,-82.2444076538086,False,-82.2444076538086,-9.138267517089844
m3gnet,wbm-4-14544,Ba3 Ge2 In3 Rh1,9,-34.9923210144043,False,-34.9923210144043,-3.888035668267144
m3gnet,wbm-4-14545,Ge2 Hf3 In3 Rh1,9,-58.36336898803711,False,-58.36336898803711,-6.484818776448567
m3gnet,wbm-4-14546,Ge2 In3 Np3 Rh1,9,-63.73479080200195,False,-63.73479080200195,-7.081643422444661
m3gnet,wbm-4-14547,Ge2 In3 Rh1 Ta3,9,-60.68332290649414,False,-60.68332290649414,-6.742591434054905
m3gnet,wbm-4-14548,Ge2 In6 Rh1,9,-33.554264068603516,False,-33.554264068603516,-3.7282515631781683
m3gnet,wbm-4-14549,Ge2 La3 Rh1 Tl3,9,-43.96015930175781,False,-43.96015930175781,-4.884462144639757
m3gnet,wbm-4-14550,Ge2 Nd3 Rh1 Tl3,9,-43.07319641113281,False,-43.07319641113281,-4.78591071234809
m3gnet,wbm-4-14551,Ge4 Pa2 Rh2,8,-57.24342346191406,False,-57.24342346191406,-7.155427932739258
m3gnet,wbm-4-14552,Ge4 Pa2 Rh2,8,-57.247623443603516,False,-57.247623443603516,-7.1559529304504395
m3gnet,wbm-4-14553,Ge2 Pr3 Rh1 Tl3,9,-43.13029861450195,False,-43.13029861450195,-4.792255401611328
m3gnet,wbm-4-14554,Ge2 Rh1 Sm3 Tl3,9,-42.94148254394531,False,-42.94148254394531,-4.7712758382161455
m3gnet,wbm-4-14555,Ce3 Ge2 Rh1 Sn3,9,-53.25944900512695,False,-53.25944900512695,-5.917716556125217
m3gnet,wbm-4-14556,Dy3 Ge2 Rh1 Sn3,9,-49.439762115478516,False,-49.439762115478516,-5.493306901719835
m3gnet,wbm-4-14557,Er3 Ge2 Rh1 Sn3,9,-49.021087646484375,False,-49.021087646484375,-5.446787516276042
m3gnet,wbm-4-14558,Gd3 Ge2 Rh1 Sn3,9,-77.84547424316406,False,-77.84547424316406,-8.649497138129341
m3gnet,wbm-4-14559,Ge2 Ho3 Rh1 Sn3,9,-49.27519989013672,False,-49.27519989013672,-5.475022210015191
m3gnet,wbm-4-14560,Ge2 La3 Rh1 Sn3,9,-50.825748443603516,False,-50.825748443603516,-5.647305382622613
m3gnet,wbm-4-14561,Ge2 Nd3 Rh1 Sn3,9,-50.08359909057617,False,-50.08359909057617,-5.564844343397352
m3gnet,wbm-4-14562,Ge2 Pr3 Rh1 Sn3,9,-50.12849807739258,False,-50.12849807739258,-5.569833119710286
m3gnet,wbm-4-14563,Ge2 Pu3 Rh1 Sn3,9,-75.38966369628906,False,-75.38966369628906,-8.376629299587673
m3gnet,wbm-4-14564,Ge2 Rh1 Sm3 Sn3,9,-49.943782806396484,False,-49.943782806396484,-5.54930920071072
m3gnet,wbm-4-14565,Ge2 Rh1 Sn3 Tb3,9,-49.45559310913086,False,-49.45559310913086,-5.49506590101454
m3gnet,wbm-4-14566,Ge2 Rh1 Sn3 Tm3,9,-48.786407470703125,False,-48.786407470703125,-5.420711941189236
m3gnet,wbm-4-14567,Ge2 Rh1 Tb3 Tl3,9,-42.554664611816406,False,-42.554664611816406,-4.728296067979601
m3gnet,wbm-4-14568,Ge2 Pu3 Rh1 Tl3,9,-67.1381607055664,False,-67.1381607055664,-7.459795633951823
m3gnet,wbm-4-14569,Ge2 Rh1 Yb1,4,-20.33531951904297,False,-20.33531951904297,-5.083829879760742
m3gnet,wbm-4-14570,Cd1 Ge2 Ru2,5,-28.83875846862793,False,-28.83875846862793,-5.767751693725586
m3gnet,wbm-4-14571,Ge2 Pb1 Ru2,5,-32.020450592041016,False,-32.020450592041016,-6.404090118408203
m3gnet,wbm-4-14572,Ge2 Pu1 Ru2,5,-43.34663009643555,False,-43.34663009643555,-8.669326019287109
m3gnet,wbm-4-14573,Ge2 Ru2 Sn1,5,-32.83018112182617,False,-32.83018112182617,-6.566036224365234
m3gnet,wbm-4-14574,Dy2 Ge4 Ru6,12,-88.69157409667969,False,-88.69157409667969,-7.390964508056641
m3gnet,wbm-4-14575,Er2 Ge4 Ru6,12,-88.73942565917969,False,-88.73942565917969,-7.394952138264974
m3gnet,wbm-4-14576,Ge4 Ru6 Th2,12,-95.07744598388672,False,-95.07744598388672,-7.923120498657227
m3gnet,wbm-4-14577,Ge4 Ru6 Tm2,12,-88.59712219238281,False,-88.59712219238281,-7.383093516031901
m3gnet,wbm-4-14578,Dy2 Ge4 Ru2,8,-51.55241394042969,False,-51.55241394042969,-6.444051742553711
m3gnet,wbm-4-14579,Er2 Ge4 Ru2,8,-51.398956298828125,False,-51.398956298828125,-6.424869537353516
m3gnet,wbm-4-14580,Ge4 Ho2 Ru2,8,-51.46292495727539,False,-51.46292495727539,-6.432865619659424
m3gnet,wbm-4-14581,Dy3 Ge2 In3 Ru1,9,-45.787437438964844,False,-45.787437438964844,-5.087493048773871
m3gnet,wbm-4-14582,Er3 Ge2 In3 Ru1,9,-45.56317138671875,False,-45.56317138671875,-5.062574598524305
m3gnet,wbm-4-14583,Gd3 Ge2 In3 Ru1,9,-74.05303955078125,False,-74.05303955078125,-8.22811550564236
m3gnet,wbm-4-14584,Ge2 Ho3 In3 Ru1,9,-45.61206817626953,False,-45.61206817626953,-5.068007575141059
m3gnet,wbm-4-14585,Ge2 In3 La3 Ru1,9,-47.149070739746094,False,-47.149070739746094,-5.238785637749566
m3gnet,wbm-4-14586,Ge2 In3 Lu3 Ru1,9,-45.004302978515625,False,-45.004302978515625,-5.000478108723958
m3gnet,wbm-4-14587,Ge2 In3 Nd3 Ru1,9,-46.36745071411133,False,-46.36745071411133,-5.151938968234592
m3gnet,wbm-4-14588,Ge2 In3 Pr3 Ru1,9,-46.399288177490234,False,-46.399288177490234,-5.155476464165582
m3gnet,wbm-4-14589,Ge2 In3 Pu3 Ru1,9,-71.40801239013672,False,-71.40801239013672,-7.9342235989040795
m3gnet,wbm-4-14590,Ge2 In3 Ru1 Sm3,9,-46.202293395996094,False,-46.202293395996094,-5.133588155110677
m3gnet,wbm-4-14591,Ge2 In3 Ru1 Tb3,9,-45.89153289794922,False,-45.89153289794922,-5.099059210883246
m3gnet,wbm-4-14592,Ge2 In3 Ru1 Tm3,9,-45.11763381958008,False,-45.11763381958008,-5.013070424397786
m3gnet,wbm-4-14593,Ge2 In3 Ru1 Yb3,9,-35.810386657714844,False,-35.810386657714844,-3.978931850857205
m3gnet,wbm-4-14594,Ge4 Pa2 Ru2,8,-60.39912796020508,False,-60.39912796020508,-7.549890995025635
m3gnet,wbm-4-14595,Ge2 Ru1 Tm6,9,-50.91316223144531,False,-50.91316223144531,-5.6570180257161455
m3gnet,wbm-4-14596,Ge4 Ru2 Tm2,8,-51.0911979675293,False,-51.0911979675293,-6.386399745941162
m3gnet,wbm-4-14597,Ge2 Sb2 Yb1,5,-20.543174743652344,False,-20.543174743652344,-4.108634948730469
m3gnet,wbm-4-14598,Ce1 Ge2 Se1,4,-21.89728355407715,False,-21.89728355407715,-5.474320888519287
m3gnet,wbm-4-14599,Ge2 Se1 Yb1,4,-15.827651977539062,False,-15.827651977539062,-3.9569129943847656
m3gnet,wbm-4-14600,Ge4 Ir2 Sm4,10,-63.952049255371094,False,-63.952049255371094,-6.39520492553711
m3gnet,wbm-4-14601,Ge4 Pt2 Sm4,10,-59.681121826171875,False,-59.681121826171875,-5.968112182617188
m3gnet,wbm-4-14602,Ac1 Ge2 Sm1,4,-20.82962989807129,False,-20.82962989807129,-5.207407474517822
m3gnet,wbm-4-14603,Ac1 Ge2 Sm1,4,-20.88465118408203,False,-20.88465118408203,-5.221162796020508
m3gnet,wbm-4-14604,Au2 Ge2 Sm1,5,-23.10127830505371,False,-23.10127830505371,-4.620255661010742
m3gnet,wbm-4-14605,Ge2 Sm1 Yb1,4,-18.34398651123047,False,-18.34398651123047,-4.585996627807617
m3gnet,wbm-4-14606,Eu1 Ge2 Sn2,5,-29.289142608642578,False,-29.289142608642578,-5.857828521728516
m3gnet,wbm-4-14607,Dy3 Ge2 Pt1 Sn3,9,-48.39653778076172,False,-48.39653778076172,-5.377393086751302
m3gnet,wbm-4-14608,Er3 Ge2 Pt1 Sn3,9,-48.0445556640625,False,-48.0445556640625,-5.338283962673611
m3gnet,wbm-4-14609,Gd3 Ge2 Pt1 Sn3,9,-76.77720642089844,False,-76.77720642089844,-8.530800713433159
m3gnet,wbm-4-14610,Ge2 Ho3 Pt1 Sn3,9,-48.22159194946289,False,-48.22159194946289,-5.357954661051433
m3gnet,wbm-4-14611,Ge2 Lu3 Pt1 Sn3,9,-47.51841354370117,False,-47.51841354370117,-5.279823727077908
m3gnet,wbm-4-14612,Ge2 Pt1 Pu3 Sn3,9,-74.0360336303711,False,-74.0360336303711,-8.226225958930122
m3gnet,wbm-4-14613,Ge2 Pt1 Sn3 Yb3,9,-38.424678802490234,False,-38.424678802490234,-4.269408755832249
m3gnet,wbm-4-14614,Ge4 Np4 Sn2,10,-79.23368835449219,False,-79.23368835449219,-7.923368835449219
m3gnet,wbm-4-14615,Ge4 Hg2 Sr4,10,-31.79096221923828,False,-31.79096221923828,-3.179096221923828
m3gnet,wbm-4-14616,Ge4 Ir2 Sr4,10,-49.3655891418457,False,-49.3655891418457,-4.9365589141845705
m3gnet,wbm-4-14617,Ge4 Ir2 Sr4,10,-49.36530303955078,False,-49.36530303955078,-4.936530303955078
m3gnet,wbm-4-14618,Ge4 Pd2 Sr4,10,-42.81892395019531,False,-42.81892395019531,-4.281892395019531
m3gnet,wbm-4-14619,Ge2 In3 Pt1 Sr3,9,-34.10647201538086,False,-34.10647201538086,-3.7896080017089844
m3gnet,wbm-4-14620,Ge2 In3 Pd1 Sr3,9,-32.86585998535156,False,-32.86585998535156,-3.651762220594618
m3gnet,wbm-4-14621,Ge2 In3 Rh1 Sr3,9,-34.62383270263672,False,-34.62383270263672,-3.847092522515191
m3gnet,wbm-4-14622,Ac1 Ge2 Sr1,4,-17.050642013549805,False,-17.050642013549805,-4.262660503387451
m3gnet,wbm-4-14623,Cd2 Ge2 Sr1,5,-14.328835487365723,False,-14.328835487365723,-2.8657670974731446
m3gnet,wbm-4-14624,Ge4 Ir4 Sr2,10,-63.70109176635742,False,-63.70109176635742,-6.370109176635742
